ID,label,split_1,split_2,split_3
DTXSID6025149,0,train,train,train
DTXSID8041400,0,train,test,test
DTXSID2034590,0,train,train,test
DTXSID0020236,0,train,train,train
DTXSID1034844,0,train,train,train
DTXSID9023174,0,train,train,test
DTXSID8046088,0,train,train,train
DTXSID9048934,0,train,train,train
DTXSID8024997,0,train,train,train
DTXSID4032611,0,train,train,train
DTXSID9044584,0,train,train,train
DTXSID1044645,0,train,train,train
DTXSID3025469,0,train,train,train
DTXSID7052284,0,train,train,train
DTXSID6021795,0,train,train,train
DTXSID8026698,0,train,test,train
DTXSID9049403,0,train,train,test
DTXSID3041661,0,train,train,test
DTXSID9020116,0,train,train,train
DTXSID2041547,0,train,train,train
DTXSID4048721,0,train,test,train
DTXSID9026926,0,train,train,train
DTXSID4032613,0,train,train,train
DTXSID6023523,0,train,train,train
DTXSID6045371,0,train,train,train
DTXSID2027591,0,train,train,train
DTXSID3026308,0,train,test,train
DTXSID4041573,0,train,train,train
DTXSID2044393,0,train,test,train
DTXSID6044804,0,train,train,train
DTXSID1044807,0,train,train,train
DTXSID0045701,1,train,train,test
DTXSID4045133,0,train,train,train
DTXSID6026797,0,train,train,test
DTXSID6022715,0,train,test,train
DTXSID6024674,0,train,train,train
DTXSID0044818,0,train,train,train
DTXSID5025100,0,train,train,train
DTXSID5038888,0,train,train,train
DTXSID3057640,0,train,train,train
DTXSID2025058,0,train,test,train
DTXSID5034357,0,train,train,train
DTXSID8048735,0,train,train,train
DTXSID7026998,0,train,test,test
DTXSID4034948,0,train,train,train
DTXSID2021317,0,train,train,test
DTXSID4021553,0,train,train,test
DTXSID1021118,0,train,train,test
DTXSID8045692,0,train,train,train
DTXSID1040742,0,train,train,train
DTXSID9020669,0,train,test,train
DTXSID0034851,0,train,train,train
DTXSID7047142,0,train,train,train
DTXSID8021193,0,train,train,train
DTXSID4049371,0,train,test,train
DTXSID9047548,0,train,test,test
DTXSID2027543,0,train,train,test
DTXSID7021287,0,train,train,train
DTXSID3024100,0,train,train,train
DTXSID8047135,0,train,train,train
DTXSID0021333,0,train,train,train
DTXSID9023122,0,train,test,train
DTXSID2057657,0,train,train,train
DTXSID4023254,0,train,train,test
DTXSID9046734,0,train,test,train
DTXSID5025572,0,train,train,train
DTXSID5048845,0,train,train,train
DTXSID7023221,0,train,train,train
DTXSID5046439,0,train,test,train
DTXSID1027504,0,train,train,train
DTXSID5033096,0,train,test,train
DTXSID5048186,1,train,train,train
DTXSID9048647,0,train,train,test
DTXSID7047562,0,train,train,train
DTXSID1024625,0,train,train,train
DTXSID2045868,0,train,train,train
DTXSID9025740,0,train,train,train
DTXSID4022311,0,train,train,train
DTXSID8026432,1,train,train,train
DTXSID7029665,0,train,train,train
DTXSID1045906,0,train,train,train
DTXSID3024659,0,train,train,train
DTXSID5048920,0,train,train,train
DTXSID6046977,0,train,train,train
DTXSID4057635,0,train,test,train
DTXSID9037616,0,train,train,train
DTXSID7029611,0,train,train,train
DTXSID3039242,0,train,test,train
DTXSID1044776,0,train,train,train
DTXSID2020717,0,train,train,train
DTXSID2025422,0,train,train,train
DTXSID0027856,0,train,test,train
DTXSID3049334,0,train,train,test
DTXSID4021929,0,train,train,train
DTXSID4025371,0,train,train,train
DTXSID9021976,0,train,test,test
DTXSID4021680,0,train,train,train
DTXSID2020006,0,train,train,test
DTXSID2025761,0,train,train,train
DTXSID3029312,0,train,train,train
DTXSID0032314,0,train,train,train
DTXSID8025331,0,train,test,train
DTXSID0048187,0,train,train,train
DTXSID3022829,0,train,train,train
DTXSID0041513,0,train,test,train
DTXSID1047239,0,train,train,train
DTXSID5029211,0,train,train,train
DTXSID7024370,0,train,train,train
DTXSID1047607,0,train,train,train
DTXSID5025152,0,train,test,train
DTXSID7021948,0,train,train,train
DTXSID0032813,0,train,train,train
DTXSID3044629,0,train,train,train
DTXSID2052310,0,train,train,train
DTXSID9024489,0,train,test,train
DTXSID5025447,0,train,test,train
DTXSID8048650,0,train,train,test
DTXSID3037541,0,train,train,train
DTXSID7030698,0,train,test,train
DTXSID9032406,0,train,train,train
DTXSID2045157,0,train,train,train
DTXSID2045652,0,train,test,train
DTXSID5052254,0,train,train,train
DTXSID5046433,0,train,train,train
DTXSID5048637,0,train,test,train
DTXSID8030423,0,train,train,train
DTXSID0022935,0,train,train,train
DTXSID6044563,0,train,train,train
DTXSID7023194,0,train,train,train
DTXSID2048907,0,train,train,train
DTXSID6038798,0,train,train,train
DTXSID7047198,0,train,test,test
DTXSID9024485,0,train,train,train
DTXSID7034383,0,train,train,test
DTXSID2025395,0,train,train,test
DTXSID4046442,0,train,train,train
DTXSID3024736,0,train,test,train
DTXSID1044198,0,train,train,test
DTXSID3046451,0,train,train,test
DTXSID7040784,0,train,train,train
DTXSID4045131,0,train,train,train
DTXSID0020022,0,train,train,train
DTXSID1047312,0,train,test,train
DTXSID0024559,0,train,train,train
DTXSID8041959,0,train,test,train
DTXSID2022676,0,train,train,train
DTXSID4029220,0,train,train,train
DTXSID8044593,0,train,train,test
DTXSID2047145,0,train,train,test
DTXSID2047276,0,train,train,test
DTXSID3025203,0,train,train,train
DTXSID9024437,0,train,train,test
DTXSID1024463,0,train,train,train
DTXSID7049007,1,train,train,train
DTXSID0051944,0,train,train,test
DTXSID2045361,0,train,train,train
DTXSID8022872,0,train,test,train
DTXSID1038298,0,train,train,train
DTXSID5027772,0,train,train,train
DTXSID4045422,0,train,train,train
DTXSID5045176,0,train,train,train
DTXSID5026914,0,train,train,train
DTXSID0026701,0,train,train,train
DTXSID3024104,0,train,train,train
DTXSID3045934,0,train,train,test
DTXSID3026560,0,train,train,train
DTXSID1023497,0,train,train,test
DTXSID8026064,0,train,train,train
DTXSID7021491,0,train,test,test
DTXSID5045625,0,train,train,train
DTXSID3034165,0,train,train,train
DTXSID7048823,0,train,train,train
DTXSID2047222,0,train,train,train
DTXSID8042187,0,train,train,train
DTXSID5029265,0,train,train,train
DTXSID5045469,0,train,test,train
DTXSID9025588,0,train,test,test
DTXSID8022404,0,train,train,train
DTXSID9047251,0,train,test,train
DTXSID8049250,0,train,train,train
DTXSID5027227,0,train,train,train
DTXSID3025047,0,train,train,train
DTXSID0044496,0,train,test,train
DTXSID1040320,0,train,train,train
DTXSID4048195,0,train,train,train
DTXSID6045375,0,train,train,test
DTXSID8023393,0,train,train,train
DTXSID6043919,0,train,test,train
DTXSID3029150,0,train,train,test
DTXSID6028022,0,train,train,train
DTXSID1020069,0,train,test,train
DTXSID1022267,0,train,train,test
DTXSID0045416,0,train,train,train
DTXSID8045145,0,train,train,train
DTXSID3020095,0,train,train,train
DTXSID5022643,0,train,train,train
DTXSID6037728,0,train,train,train
DTXSID2023270,0,train,train,train
DTXSID5046017,0,train,train,train
DTXSID5020449,0,train,train,train
DTXSID8057855,0,train,train,train
DTXSID5048847,0,train,train,train
DTXSID3045805,0,train,train,train
DTXSID3020918,0,train,train,train
DTXSID3049330,0,train,train,train
DTXSID6020224,0,train,test,train
DTXSID3029287,0,train,train,test
DTXSID5023035,0,train,train,train
DTXSID0042167,0,train,test,train
DTXSID1020805,0,train,test,train
DTXSID6026294,0,train,test,train
DTXSID3042390,0,train,train,train
DTXSID7057789,0,train,train,train
DTXSID8047682,0,train,test,train
DTXSID3041372,0,train,train,train
DTXSID0020020,0,train,train,train
DTXSID6024462,0,train,train,train
DTXSID3020122,0,train,train,test
DTXSID3020384,0,train,train,train
DTXSID3022320,0,train,test,train
DTXSID2026573,0,train,train,train
DTXSID7040788,0,train,test,train
DTXSID6025725,0,train,train,train
DTXSID0021256,0,train,train,train
DTXSID7023980,0,train,train,train
DTXSID0048189,0,train,train,test
DTXSID6047072,0,train,test,train
DTXSID6047028,0,train,test,train
DTXSID6042490,0,train,train,test
DTXSID2057780,0,train,train,train
DTXSID0041852,0,train,train,test
DTXSID4046159,0,train,train,train
DTXSID6040614,0,train,train,train
DTXSID9046491,0,train,train,test
DTXSID3044384,0,train,train,train
DTXSID1024176,0,train,test,train
DTXSID8042002,0,train,train,train
DTXSID2047644,0,train,test,train
DTXSID0042325,0,train,train,train
DTXSID9033008,0,train,test,train
DTXSID1020932,0,train,train,test
DTXSID8021856,0,train,train,train
DTXSID5047168,0,train,train,train
DTXSID0049363,0,train,train,train
DTXSID2021159,0,train,train,train
DTXSID1041506,1,train,train,test
DTXSID8025830,0,train,train,train
DTXSID7024081,0,train,train,train
DTXSID2022333,0,train,train,test
DTXSID7045811,0,train,train,train
DTXSID3048998,0,train,train,train
DTXSID2021608,0,train,train,train
DTXSID1026906,0,train,train,train
DTXSID9025611,0,train,train,train
DTXSID0020575,0,train,train,train
DTXSID5033701,0,train,train,test
DTXSID8022749,0,train,train,train
DTXSID3046798,0,train,train,train
DTXSID6023367,0,train,train,train
DTXSID8024810,0,train,train,train
DTXSID1029128,0,train,train,train
DTXSID9047835,0,train,train,train
DTXSID0025862,0,train,train,train
DTXSID6040795,0,train,train,train
DTXSID3032129,0,train,test,train
DTXSID8031077,0,train,train,train
DTXSID6020199,0,train,train,train
DTXSID8020597,0,train,test,test
DTXSID1021243,0,train,train,train
DTXSID3051834,0,train,test,train
DTXSID1046007,0,train,train,test
DTXSID1044932,0,train,train,train
DTXSID1024835,0,train,train,train
DTXSID0040672,0,train,test,train
DTXSID0044941,0,train,train,test
DTXSID7020182,0,train,test,train
DTXSID1049229,0,train,train,test
DTXSID8047476,0,train,train,train
DTXSID5044526,0,train,train,train
DTXSID1038666,0,train,train,train
DTXSID8057776,0,train,train,train
DTXSID5044360,1,train,train,test
DTXSID7020390,0,train,test,test
DTXSID7046673,0,train,train,train
DTXSID2044428,0,train,train,train
DTXSID8041828,0,train,train,train
DTXSID5045099,0,train,train,train
DTXSID1027500,0,train,test,train
DTXSID3040279,0,train,train,train
DTXSID8032627,0,train,test,train
DTXSID3044469,0,train,train,train
DTXSID6026088,0,train,train,train
DTXSID6042074,0,train,train,train
DTXSID4032532,0,train,test,test
DTXSID6021820,0,train,train,train
DTXSID3021980,0,train,train,train
DTXSID2047856,0,train,test,train
DTXSID3020413,0,train,train,train
DTXSID7021235,0,train,train,train
DTXSID3044334,0,train,test,train
DTXSID1044691,0,train,train,train
DTXSID1047283,0,train,train,train
DTXSID7020760,0,train,train,test
DTXSID5044314,0,train,train,train
DTXSID2041200,0,train,train,train
DTXSID1021871,0,train,test,test
DTXSID3024497,0,train,train,test
DTXSID0027438,0,train,train,train
DTXSID9027368,0,train,train,test
DTXSID2049391,0,train,train,train
DTXSID3026932,0,train,test,train
DTXSID0045252,0,train,test,train
DTXSID3048607,0,train,test,test
DTXSID6049222,0,train,train,train
DTXSID9046281,0,train,train,train
DTXSID9041524,0,train,train,train
DTXSID7057733,0,train,train,train
DTXSID8029153,0,train,train,train
DTXSID1021877,1,train,train,train
DTXSID1041267,0,train,train,train
DTXSID1044982,0,train,train,train
DTXSID1041263,0,train,train,train
DTXSID0047032,0,train,train,train
DTXSID2046591,0,train,train,train
DTXSID2020349,0,train,test,train
DTXSID6029250,0,train,test,train
DTXSID9021427,0,train,train,train
DTXSID0049230,0,train,train,test
DTXSID0024474,0,train,train,train
DTXSID6020646,0,train,train,train
DTXSID7044847,0,train,train,train
DTXSID9045500,0,train,train,train
DTXSID4034788,0,train,train,test
DTXSID8040270,0,train,train,train
DTXSID6037483,0,train,train,train
DTXSID7044710,0,train,train,test
DTXSID0020737,0,train,train,test
DTXSID7046461,0,train,train,train
DTXSID9047465,0,train,test,test
DTXSID0024397,0,train,train,train
DTXSID5048843,0,train,train,test
DTXSID5044869,0,train,train,train
DTXSID7025895,0,train,test,test
DTXSID9057763,0,train,train,train
DTXSID4046602,0,train,test,train
DTXSID5040700,0,train,train,train
DTXSID8057807,0,train,train,train
DTXSID8021561,0,train,train,test
DTXSID9020451,0,train,train,train
DTXSID6027551,0,train,train,train
DTXSID5026049,0,train,train,train
DTXSID6025640,0,train,test,train
DTXSID8041321,1,train,train,train
DTXSID4049082,0,train,train,train
DTXSID4044456,0,train,train,train
DTXSID6026799,0,train,train,train
DTXSID9021716,0,train,train,train
DTXSID3022326,0,train,train,test
DTXSID2029325,0,train,test,test
DTXSID3052301,0,train,test,test
DTXSID5024134,0,train,test,train
DTXSID8044880,0,train,train,test
DTXSID5046726,0,train,train,train
DTXSID3020598,0,train,train,train
DTXSID1044938,0,train,train,train
DTXSID3046821,0,train,test,train
DTXSID4047331,0,train,test,train
DTXSID9021342,0,train,train,test
DTXSID7045948,0,train,test,train
DTXSID9021130,0,train,train,train
DTXSID6057663,0,train,train,train
DTXSID9020740,0,train,test,train
DTXSID5037527,0,train,train,train
DTXSID4032954,1,train,train,train
DTXSID7025003,0,train,train,train
DTXSID5047956,0,train,train,test
DTXSID3037545,0,train,train,train
DTXSID0020105,1,train,train,train
DTXSID3045190,0,train,train,train
DTXSID1044568,0,train,train,train
DTXSID7028300,0,train,train,train
DTXSID3044918,0,train,train,train
DTXSID9047594,0,train,train,test
DTXSID9048512,0,train,train,train
DTXSID1021584,0,train,train,train
DTXSID2041622,0,train,train,train
DTXSID5045833,0,train,test,test
DTXSID7042146,0,train,train,train
DTXSID8023472,0,train,train,train
DTXSID6023737,0,train,test,test
DTXSID0022644,0,train,train,train
DTXSID7051890,0,train,train,train
DTXSID0021339,0,train,train,train
DTXSID9048778,0,train,train,train
DTXSID3029289,0,train,train,train
DTXSID3044702,0,train,train,test
DTXSID9057682,0,train,train,train
DTXSID6025355,0,train,train,test
DTXSID8044759,1,train,test,train
DTXSID8048943,0,train,train,train
DTXSID1046132,0,train,test,train
DTXSID1057741,0,train,train,test
DTXSID0045464,0,train,test,train
DTXSID1023736,0,train,train,train
DTXSID9045265,0,train,train,test
DTXSID6024048,0,train,train,test
DTXSID2044476,0,train,train,train
DTXSID4047628,0,train,train,train
DTXSID9036226,0,train,train,test
DTXSID0024761,0,train,train,train
DTXSID4024640,0,train,train,train
DTXSID4025454,0,train,test,train
DTXSID4025292,0,train,train,train
DTXSID7020845,0,train,train,train
DTXSID0049361,0,train,train,train
DTXSID4047125,0,train,train,test
DTXSID9047833,0,train,test,train
DTXSID7044506,1,train,train,train
DTXSID7021940,0,train,train,test
DTXSID9047330,0,train,test,train
DTXSID1046348,0,train,train,train
DTXSID5051529,0,train,train,train
DTXSID9048855,0,train,train,train
DTXSID8022080,0,train,train,train
DTXSID5023031,0,train,test,train
DTXSID9021928,0,train,train,train
DTXSID4027280,0,train,train,train
DTXSID8024315,0,train,train,train
DTXSID5035957,0,train,train,train
DTXSID3024522,0,train,train,train
DTXSID1024912,0,train,train,train
DTXSID9023043,1,train,train,train
DTXSID6020517,0,train,test,train
DTXSID3045697,0,train,train,train
DTXSID8042052,0,train,train,train
DTXSID2029117,0,train,train,train
DTXSID9023128,0,train,train,train
DTXSID1049277,0,train,train,train
DTXSID3027790,0,train,train,train
DTXSID8047971,1,train,train,test
DTXSID1045744,0,train,train,test
DTXSID9020790,0,train,train,test
DTXSID0027195,0,train,train,train
DTXSID7057604,0,train,train,train
DTXSID9025164,0,train,train,train
DTXSID4021921,0,train,train,train
DTXSID3023188,0,train,train,train
DTXSID3047429,0,train,test,train
DTXSID3027401,0,train,train,train
DTXSID8027113,0,train,train,test
DTXSID0047959,0,train,train,train
DTXSID6044436,0,train,train,train
DTXSID2021739,0,train,test,train
DTXSID0024470,0,train,train,train
DTXSID7044421,0,train,train,train
DTXSID0025571,0,train,train,test
DTXSID2020341,0,train,train,test
DTXSID2027624,0,train,train,train
DTXSID2041759,0,train,train,train
DTXSID9044459,1,train,train,test
DTXSID9037745,0,train,test,train
DTXSID3020912,0,train,train,train
DTXSID7023277,0,train,train,train
DTXSID9020247,0,train,train,train
DTXSID9021344,0,train,train,test
DTXSID2041917,0,train,train,train
DTXSID1029207,0,train,train,train
DTXSID9021974,1,train,train,train
DTXSID2039336,0,train,train,train
DTXSID1041180,0,train,train,train
DTXSID3044251,0,train,train,train
DTXSID3022403,0,train,train,train
DTXSID2047353,1,train,train,train
DTXSID3048788,0,train,test,test
DTXSID7032470,0,train,train,test
DTXSID8020759,0,train,test,train
DTXSID7044764,0,train,train,train
DTXSID1024918,0,train,train,train
DTXSID8046610,0,train,train,train
DTXSID5044948,0,train,train,train
DTXSID7023271,0,train,train,train
DTXSID9026342,0,train,train,test
DTXSID3046459,0,train,test,test
DTXSID0045674,0,train,train,train
DTXSID6044854,0,train,train,test
DTXSID0048505,0,train,train,train
DTXSID4020828,0,train,train,train
DTXSID1051779,0,train,test,train
DTXSID0034229,0,train,train,train
DTXSID2046464,0,train,test,train
DTXSID0046060,0,train,train,train
DTXSID8051754,0,train,train,train
DTXSID4045555,0,train,train,train
DTXSID0048638,0,train,train,train
DTXSID8057853,0,train,train,train
DTXSID6041719,0,train,train,train
DTXSID2020210,0,train,train,train
DTXSID3028001,1,train,test,train
DTXSID2032550,0,train,train,train
DTXSID1045409,0,train,test,train
DTXSID4046604,0,train,train,train
DTXSID1048916,0,train,train,train
DTXSID8046903,0,train,test,train
DTXSID7025342,0,train,train,train
DTXSID3020330,0,train,train,train
DTXSID7026366,0,train,test,train
DTXSID8057803,0,train,train,train
DTXSID9025370,0,train,test,train
DTXSID1044431,0,train,train,train
DTXSID9048198,0,train,train,train
DTXSID9026974,0,train,train,test
DTXSID5042083,0,train,train,train
DTXSID9045267,0,train,train,train
DTXSID9044875,0,train,train,train
DTXSID2042014,0,train,train,train
DTXSID2033863,0,train,train,train
DTXSID4023042,0,train,train,train
DTXSID7027540,0,train,train,train
DTXSID9026265,0,train,train,train
DTXSID4021634,0,train,train,train
DTXSID9047590,0,train,test,train
DTXSID5037523,0,train,train,train
DTXSID3047425,0,train,test,train
DTXSID3047893,0,train,train,train
DTXSID9046152,0,train,train,train
DTXSID0045838,0,train,test,test
DTXSID0022800,0,train,train,train
DTXSID2023642,0,train,test,train
DTXSID7040283,0,train,test,train
DTXSID3046663,0,train,train,test
DTXSID8046404,0,train,train,train
DTXSID4041280,0,train,test,train
DTXSID4041654,0,train,train,train
DTXSID6032352,0,train,train,train
DTXSID0057677,0,train,train,test
DTXSID9041233,0,train,train,train
DTXSID6045743,0,train,test,test
DTXSID2020266,0,train,train,test
DTXSID3047970,0,train,train,test
DTXSID6049355,0,train,train,train
DTXSID7027178,0,train,test,test
DTXSID5025578,0,train,train,test
DTXSID7020766,0,train,train,train
DTXSID4021002,0,train,train,train
DTXSID8041034,0,train,train,train
DTXSID6049357,0,train,train,train
DTXSID4041234,0,train,train,train
DTXSID3044205,0,train,test,train
DTXSID2020399,0,train,train,train
DTXSID8023260,0,train,train,train
DTXSID9047120,0,train,train,train
DTXSID7025637,0,train,train,train
DTXSID6026080,0,train,train,test
DTXSID6021953,0,train,train,train
DTXSID6045660,0,train,train,train
DTXSID9046651,0,train,train,train
DTXSID1023362,0,train,train,train
DTXSID4049244,0,train,train,train
DTXSID6045400,0,train,train,train
DTXSID5020944,0,train,train,train
DTXSID4027109,0,train,train,train
DTXSID0023909,1,train,test,test
DTXSID9045346,0,train,train,train
DTXSID1025148,0,train,test,train
DTXSID4023462,0,train,train,train
DTXSID5042247,0,train,test,train
DTXSID3021772,0,train,train,train
DTXSID0047161,0,train,train,train
DTXSID8044709,0,train,train,test
DTXSID5040706,0,train,train,train
DTXSID0047038,0,train,train,train
DTXSID4041492,0,train,test,test
DTXSID9047334,0,train,train,test
DTXSID7048796,1,train,train,train
DTXSID5021413,0,train,train,train
DTXSID0021545,0,train,test,train
DTXSID3048732,0,train,train,test
DTXSID3046295,0,train,train,test
DTXSID6029202,0,train,train,test
DTXSID4030384,0,train,train,train
DTXSID3021984,0,train,train,train
DTXSID4047913,0,train,train,train
DTXSID5027142,0,train,train,train
DTXSID6027131,0,train,train,train
DTXSID2047149,0,train,train,train
DTXSID3047891,0,train,train,train
DTXSID1021116,0,train,train,train
DTXSID8032544,1,train,train,test
DTXSID2027418,0,train,test,test
DTXSID6047236,0,train,train,train
DTXSID0038700,0,train,train,train
DTXSID3041293,0,train,train,train
DTXSID7052311,0,train,test,train
DTXSID1045536,0,train,test,train
DTXSID9057848,0,train,test,train
DTXSID8041799,0,train,train,train
DTXSID2048791,0,train,test,train
DTXSID5032579,0,train,train,train
DTXSID8024608,0,train,train,train
DTXSID8027749,0,train,train,train
DTXSID5049316,0,train,test,test
DTXSID9037741,0,train,train,test
DTXSID1035286,1,train,train,train
DTXSID8021565,0,train,train,train
DTXSID3029152,0,train,train,train
DTXSID8051542,0,train,train,train
DTXSID8045519,0,train,train,train
DTXSID9024724,0,train,train,train
DTXSID2021993,0,train,train,train
DTXSID9020241,0,train,train,train
DTXSID6024676,0,train,test,train
DTXSID0057629,0,train,train,train
DTXSID2047804,0,train,train,train
DTXSID0045676,0,train,train,train
DTXSID9045897,0,train,train,train
DTXSID9023752,0,train,test,train
DTXSID7046091,0,train,train,test
DTXSID8048810,0,train,train,train
DTXSID3021148,0,train,train,test
DTXSID1036541,0,train,train,train
DTXSID9044823,0,train,train,train
DTXSID2034095,0,train,train,train
DTXSID4046282,0,train,test,train
DTXSID1024702,0,train,train,train
DTXSID6022056,0,train,test,train
DTXSID8047474,0,train,train,test
DTXSID6041420,0,train,train,train
DTXSID9020087,0,train,train,train
DTXSID0032811,0,train,train,train
DTXSID9037612,0,train,test,train
DTXSID4047042,0,train,test,train
DTXSID6025010,0,train,train,train
DTXSID9021217,0,train,train,train
DTXSID8029604,0,train,train,test
DTXSID4020032,0,train,train,train
DTXSID5026174,0,train,train,test
DTXSID3040691,0,train,test,test
DTXSID9029223,0,train,test,train
DTXSID2046092,0,train,test,train
DTXSID6026167,0,train,train,train
DTXSID3020463,0,train,train,train
DTXSID4027579,0,train,train,train
DTXSID0032493,0,train,train,train
DTXSID9045184,0,train,train,train
DTXSID3048817,0,train,train,train
DTXSID3021437,0,train,train,train
DTXSID3022904,0,train,train,train
DTXSID0045090,0,train,test,test
DTXSID0049280,0,train,test,train
DTXSID1045326,0,train,train,train
DTXSID1021087,0,train,train,train
DTXSID3044914,0,train,train,train
DTXSID5022308,0,train,train,train
DTXSID0030162,0,train,train,train
DTXSID6022557,0,train,test,train
DTXSID4044874,0,train,train,train
DTXSID0047537,1,train,train,test
DTXSID4041521,0,train,train,train
DTXSID0024478,0,train,test,train
DTXSID3027297,0,train,train,test
DTXSID7025215,0,train,train,train
DTXSID8024107,0,train,train,train
DTXSID4024690,0,train,train,train
DTXSID5027352,0,train,test,train
DTXSID3035341,0,train,train,test
DTXSID5057672,0,train,test,train
DTXSID0023951,0,train,train,train
DTXSID1026081,0,train,train,train
DTXSID6020721,0,train,train,train
DTXSID6021822,0,train,test,train
DTXSID7042061,0,train,train,train
DTXSID5046641,0,train,test,test
DTXSID3024235,0,train,train,train
DTXSID4052186,0,train,test,train
DTXSID9027239,0,train,train,test
DTXSID9021764,0,train,train,test
DTXSID9034818,0,train,test,train
DTXSID1047655,0,train,train,train
DTXSID0047660,0,train,train,train
DTXSID0022436,0,train,test,train
DTXSID3047897,0,train,test,test
DTXSID4024800,0,train,test,train
DTXSID6044519,1,train,test,train
DTXSID5045540,0,train,train,train
DTXSID2027886,0,train,train,train
DTXSID0021127,0,train,test,train
DTXSID2025004,0,train,train,train
DTXSID0047327,0,train,train,train
DTXSID5027061,0,train,train,train
DTXSID4027577,0,train,train,test
DTXSID3029362,0,train,train,test
DTXSID3057804,0,train,test,train
DTXSID7057602,0,train,train,train
DTXSID9046073,0,train,test,train
DTXSID9047837,0,train,train,train
DTXSID9041368,0,train,train,train
DTXSID5051446,0,train,train,train
DTXSID4022658,0,train,test,train
DTXSID9020409,0,train,train,test
DTXSID5033468,0,train,train,test
DTXSID3026851,0,train,test,train
DTXSID8025591,0,train,test,train
DTXSID7046467,0,train,train,train
DTXSID7041918,0,train,train,train
DTXSID0044943,0,train,train,train
DTXSID4027234,0,train,train,train
DTXSID3029235,0,train,train,train
DTXSID4040343,0,train,train,train
DTXSID0040127,0,train,train,test
DTXSID8044547,0,train,test,test
DTXSID1040112,0,train,train,train
DTXSID5024473,0,train,train,train
DTXSID7024580,0,train,train,train
DTXSID5044233,0,train,train,test
DTXSID3032541,0,train,train,train
DTXSID0044995,0,train,test,train
DTXSID8025888,0,train,train,train
DTXSID0025737,0,train,train,train
DTXSID2045490,0,train,train,train
DTXSID5045881,0,train,train,train
DTXSID2047648,0,train,train,train
DTXSID5026097,0,train,test,train
DTXSID4052550,0,train,test,train
DTXSID1032305,0,train,test,train
DTXSID6051564,0,train,train,train
DTXSID6047282,0,train,train,train
DTXSID8032386,0,train,train,train
DTXSID7022546,0,train,train,train
DTXSID0024501,0,train,train,train
DTXSID7027887,0,train,train,train
DTXSID5049233,0,train,train,test
DTXSID1022556,0,train,train,train
DTXSID7021495,0,train,train,train
DTXSID9045685,0,train,test,train
DTXSID8026307,0,train,train,train
DTXSID1021403,0,train,train,train
DTXSID0041220,1,train,train,train
DTXSID4025080,0,train,train,train
DTXSID1044859,0,train,train,train
DTXSID1020728,0,train,train,test
DTXSID4020458,0,train,train,test
DTXSID5044603,0,train,train,train
DTXSID9057769,0,train,train,train
DTXSID9040130,0,train,train,train
DTXSID5052042,0,train,train,train
DTXSID0045171,0,train,train,train
DTXSID2021232,0,train,train,train
DTXSID8024652,0,train,test,test
DTXSID3057729,0,train,train,train
DTXSID2048662,0,train,train,train
DTXSID9047702,0,train,train,train
DTXSID1032690,0,train,train,train
DTXSID0021832,0,train,test,train
DTXSID5032523,0,train,train,test
DTXSID9044617,0,train,train,train
DTXSID7021493,0,train,train,train
DTXSID2040151,0,train,train,train
DTXSID2044894,0,train,train,train
DTXSID8046163,0,train,train,train
DTXSID3057779,0,train,train,train
DTXSID1025807,1,train,train,train
DTXSID4027527,0,train,test,train
DTXSID7022544,0,train,train,train
DTXSID2025210,0,train,train,train
DTXSID0037237,0,train,train,train
DTXSID9025299,0,train,train,train
DTXSID3026645,0,train,train,train
DTXSID9022366,0,train,train,train
DTXSID9026059,0,train,train,train
DTXSID1024259,0,train,train,test
DTXSID3024574,0,train,train,train
DTXSID8034877,0,train,test,test
DTXSID9033058,0,train,train,train
DTXSID8037756,0,train,train,train
DTXSID9026132,0,train,test,train
DTXSID2026864,0,train,train,train
DTXSID5046275,0,train,train,train
DTXSID2021577,0,train,train,train
DTXSID5044491,0,train,train,train
DTXSID4045210,0,train,test,train
DTXSID2021284,0,train,train,train
DTXSID7022411,0,train,train,train
DTXSID6021824,0,train,train,train
DTXSID3041877,0,train,train,train
DTXSID5025653,0,train,train,train
DTXSID9044908,0,train,train,train
DTXSID6022058,1,train,train,train
DTXSID1022186,0,train,train,train
DTXSID7049344,0,train,train,test
DTXSID0044656,0,train,train,train
DTXSID7021362,0,train,train,train
DTXSID1040324,1,train,train,test
DTXSID7025508,0,train,train,train
DTXSID5022485,0,train,train,train
DTXSID0040705,0,train,train,train
DTXSID9022027,0,train,train,train
DTXSID3024316,0,train,test,train
DTXSID3057777,0,train,test,train
DTXSID8048860,0,train,train,test
DTXSID0057708,0,train,test,train
DTXSID6032358,1,train,train,train
DTXSID0044367,0,train,train,train
DTXSID5021209,0,train,train,train
DTXSID3046320,0,train,train,test
DTXSID7020265,0,train,test,train
DTXSID0021751,0,train,train,test
DTXSID5041809,0,train,test,train
DTXSID9027364,0,train,train,train
DTXSID4041232,1,train,test,train
DTXSID6045533,0,train,train,train
DTXSID8049202,0,train,train,train
DTXSID0048894,0,train,train,train
DTXSID1049223,0,train,train,train
DTXSID3027617,0,train,test,test
DTXSID4045765,0,train,test,train
DTXSID2036299,1,train,train,test
DTXSID6032192,0,train,train,train
DTXSID7032630,0,train,train,test
DTXSID5041518,0,train,test,train
DTXSID1045085,0,train,train,train
DTXSID0025070,0,train,train,train
DTXSID7047641,0,train,test,train
DTXSID7048825,0,train,train,train
DTXSID6041268,0,train,train,train
DTXSID7021156,0,train,train,train
DTXSID4022816,0,train,train,train
DTXSID7032688,0,train,test,train
DTXSID8025040,0,train,train,train
DTXSID2052574,0,train,test,test
DTXSID2031374,0,train,test,train
DTXSID0057679,0,train,train,train
DTXSID2020139,0,train,train,train
DTXSID3042053,0,train,train,train
DTXSID5020310,0,train,train,test
DTXSID7042273,0,train,train,train
DTXSID1023495,0,train,train,test
DTXSID5057832,0,train,train,train
DTXSID4027600,1,train,train,train
DTXSID6044642,0,train,train,train
DTXSID3032670,0,train,train,train
DTXSID7022704,0,train,train,test
DTXSID2020846,0,train,train,train
DTXSID4024644,0,train,train,train
DTXSID1046687,0,train,test,train
DTXSID2049262,0,train,train,train
DTXSID8048783,0,train,train,train
DTXSID3032591,0,train,train,test
DTXSID8034586,0,train,train,train
DTXSID6021248,0,train,train,train
DTXSID4044664,0,train,test,train
DTXSID2027599,0,train,train,test
DTXSID8026935,0,train,train,train
DTXSID2026529,0,train,train,train
DTXSID5020368,0,train,test,train
DTXSID1045669,0,train,train,test
DTXSID7046463,0,train,test,train
DTXSID6020307,0,train,train,train
DTXSID7025926,0,train,test,train
DTXSID7044500,0,train,train,train
DTXSID4057685,0,train,train,train
DTXSID7025001,0,train,train,train
DTXSID0023618,0,train,train,train
DTXSID9057634,0,train,train,train
DTXSID6047606,0,train,test,train
DTXSID1048207,0,train,train,train
DTXSID1040794,0,train,train,train
DTXSID3048659,0,train,train,train
DTXSID1047106,0,train,test,train
DTXSID7048821,0,train,train,test
DTXSID6046472,0,train,train,train
DTXSID1024097,0,train,train,test
DTXSID4044791,0,train,test,train
DTXSID4022107,0,train,train,train
DTXSID1026796,0,train,train,train
DTXSID8051629,0,train,train,train
DTXSID6034392,0,train,test,test
DTXSID9044536,1,train,train,train
DTXSID6021793,0,train,train,train
DTXSID6041503,0,train,train,train
DTXSID2046096,0,train,train,train
DTXSID4040719,0,train,train,train
DTXSID8024602,0,train,train,train
DTXSID3048653,0,train,train,train
DTXSID0044523,0,train,train,train
DTXSID6025012,0,train,train,test
DTXSID6020193,0,train,test,train
DTXSID1057793,0,train,train,test
DTXSID9048805,0,train,train,test
DTXSID5020861,0,train,train,train
DTXSID0024890,0,train,train,train
DTXSID5024845,0,train,test,train
DTXSID1046631,0,train,train,train
DTXSID7040653,0,train,train,test
DTXSID1041269,0,train,train,train
DTXSID1045580,0,train,train,test
DTXSID9047592,0,train,train,train
DTXSID1044643,0,train,test,train
DTXSID8044464,0,train,train,train
DTXSID7041752,0,train,train,train
DTXSID8020331,0,train,train,test
DTXSID8022901,0,train,test,test
DTXSID1046970,0,train,train,train
DTXSID4047418,0,train,test,test
DTXSID2020971,0,train,train,test
DTXSID4032374,0,train,train,train
DTXSID4035708,0,train,test,test
DTXSID6044307,0,train,train,train
DTXSID4021923,0,train,train,train
DTXSID8024658,0,train,test,train
DTXSID0023745,0,train,train,train
DTXSID6041056,0,train,train,test
DTXSID2045812,0,train,test,train
DTXSID1023998,0,train,train,train
DTXSID6022719,0,train,train,test
DTXSID3046299,0,train,train,train
DTXSID2036827,0,train,train,test
DTXSID9047045,0,train,train,train
DTXSID1047782,0,train,train,train
DTXSID8049208,0,train,test,train
DTXSID5026918,0,train,train,train
DTXSID3045649,0,train,train,test
DTXSID9022079,0,train,train,train
DTXSID0024052,0,train,train,train
DTXSID0021464,0,train,train,train
DTXSID4052506,0,train,train,train
DTXSID9045182,0,train,test,train
DTXSID1040661,0,train,train,train
DTXSID8023688,0,train,train,train
DTXSID3046114,0,train,test,train
DTXSID6042579,0,train,train,train
DTXSID7047279,0,train,test,train
DTXSID3021275,0,train,train,test
DTXSID7025005,0,train,train,train
DTXSID2048795,0,train,test,train
DTXSID4046151,0,train,train,test
DTXSID3026516,0,train,test,train
DTXSID0047450,0,train,train,train
DTXSID0045412,0,train,train,train
DTXSID9045132,0,train,test,train
DTXSID6020220,0,train,train,test
DTXSID7023063,0,train,train,test
DTXSID0044527,0,train,train,train
DTXSID4021218,0,train,train,train
DTXSID7020421,0,train,train,train
DTXSID7024902,0,train,train,train
DTXSID0045466,0,train,train,train
DTXSID5049362,0,train,train,train
DTXSID7057816,0,train,train,test
DTXSID9027104,0,train,train,test
DTXSID0049313,0,train,train,train
DTXSID6048620,0,train,train,train
DTXSID5020106,0,train,train,train
DTXSID3049332,0,train,train,test
DTXSID1045116,0,train,train,train
DTXSID5023950,0,train,train,test
DTXSID2021947,0,train,train,train
DTXSID1033539,0,train,test,train
DTXSID7044633,0,train,train,train
DTXSID5029136,0,train,train,train
DTXSID3042219,0,train,test,train
DTXSID9026714,1,train,train,train
DTXSID2049210,0,train,train,train
DTXSID5047376,0,train,train,train
DTXSID1020510,0,train,train,train
DTXSID1034260,0,train,train,train
DTXSID2044422,0,train,train,train
DTXSID8027537,0,train,train,train
DTXSID9025794,0,train,test,train
DTXSID0027640,0,train,train,train
DTXSID4020400,0,train,train,train
DTXSID7026499,0,train,train,train
DTXSID8046531,0,train,train,train
DTXSID0022981,0,train,train,train
DTXSID8046117,0,train,test,train
DTXSID6046347,0,train,train,train
DTXSID0021387,0,train,train,train
DTXSID7044554,0,train,train,train
DTXSID4023333,0,train,train,train
DTXSID0040701,0,train,train,test
DTXSID0047408,0,train,test,train
DTXSID9034232,1,train,train,train
DTXSID3020207,0,train,train,train
DTXSID8034085,0,train,test,train
DTXSID0023907,1,train,test,train
DTXSID3046534,0,train,train,train
DTXSID6021371,0,train,test,train
DTXSID8045513,0,train,train,train
DTXSID0048842,0,train,train,test
DTXSID4046652,0,train,train,train
DTXSID3044411,0,train,train,test
DTXSID7044429,0,train,train,train
DTXSID4045927,0,train,train,train
DTXSID4022523,0,train,train,test
DTXSID0044781,0,train,train,train
DTXSID5048924,0,train,train,train
DTXSID5047902,0,train,train,train
DTXSID2023725,0,train,test,train
DTXSID3043782,0,train,train,train
DTXSID1027267,0,train,train,train
DTXSID2043747,0,train,train,train
DTXSID7044972,0,train,train,train
DTXSID3022906,0,train,train,train
DTXSID4034609,0,train,train,train
DTXSID0021258,0,train,train,train
DTXSID6025642,0,train,train,train
DTXSID3057773,0,train,train,train
DTXSID5035616,0,train,train,train
DTXSID0042400,0,train,train,test
DTXSID7023140,0,train,test,train
DTXSID0024216,0,train,train,train
DTXSID7046174,0,train,train,test
DTXSID0022062,0,train,train,train
DTXSID2021868,0,train,test,train
DTXSID4047549,0,train,train,test
DTXSID1047491,0,train,train,train
DTXSID8042260,0,train,train,train
DTXSID4020749,0,train,train,train
DTXSID7027546,0,train,test,train
DTXSID0021460,0,train,train,train
DTXSID7057608,0,train,train,train
DTXSID6025648,0,train,train,train
DTXSID4049327,0,train,train,test
DTXSID8022292,0,train,train,train
DTXSID4032459,0,train,train,train
DTXSID8040436,0,train,test,train
DTXSID4041363,0,train,train,train
DTXSID0048507,0,train,train,train
DTXSID6041925,0,train,train,test
DTXSID2046460,0,train,train,train
DTXSID9022528,0,train,test,train
DTXSID0032655,0,train,train,train
DTXSID8022246,0,train,test,test
DTXSID2020682,0,train,train,train
DTXSID6024886,0,train,test,train
DTXSID6045828,0,train,train,train
DTXSID4021769,0,train,train,test
DTXSID5021889,0,train,train,train
DTXSID5023453,0,train,train,train
DTXSID3021190,0,train,train,test
DTXSID0020365,0,train,train,train
DTXSID6023028,0,train,test,train
DTXSID5020231,0,train,train,test
DTXSID0043892,0,train,test,train
DTXSID7025136,0,train,train,test
DTXSID6026325,0,train,train,train
DTXSID3040726,0,train,test,train
DTXSID3021645,0,train,train,train
DTXSID6047818,0,train,test,train
DTXSID9022734,0,train,test,test
DTXSID6023109,0,train,train,train
DTXSID7023019,0,train,train,train
DTXSID4035839,0,train,train,test
DTXSID6045119,0,train,train,train
DTXSID7020685,1,train,train,train
DTXSID7047647,0,train,train,train
DTXSID8042264,0,train,train,train
DTXSID3048863,0,train,train,test
DTXSID2041412,0,train,train,train
DTXSID8021802,1,train,test,train
DTXSID8049381,0,train,train,test
DTXSID2048793,0,train,train,train
DTXSID1049271,1,train,train,train
DTXSID9023835,0,train,test,train
DTXSID5021679,0,train,train,train
DTXSID8027400,0,train,train,train
DTXSID5020312,0,train,train,train
DTXSID1024174,0,train,train,train
DTXSID5047617,0,train,test,train
DTXSID5024504,0,train,train,test
DTXSID9020164,0,train,train,train
DTXSID1025649,0,train,test,train
DTXSID7047691,0,train,test,train
DTXSID4020581,0,train,train,train
DTXSID3023265,0,train,train,train
DTXSID9027310,0,train,train,test
DTXSID8026773,0,train,train,train
DTXSID0027513,0,train,train,train
DTXSID0048892,0,train,train,train
DTXSID4047410,0,train,train,train
DTXSID3033989,0,train,train,train
DTXSID8027747,0,train,train,train
DTXSID6020359,0,train,train,train
DTXSID3041954,0,train,train,train
DTXSID7044471,0,train,train,train
DTXSID2040656,0,train,test,train
DTXSID6025565,0,train,train,train
DTXSID4041238,0,train,train,test
DTXSID0049284,0,train,train,train
DTXSID4045393,0,train,train,train
DTXSID9023041,0,train,train,train
DTXSID4051580,0,train,train,train
DTXSID1047310,0,train,train,train
DTXSID9048514,0,train,test,train
DTXSID9020168,0,train,train,train
DTXSID9022104,0,train,train,train
DTXSID8047189,0,train,train,train
DTXSID9049035,0,train,train,test
DTXSID6045909,0,train,train,train
DTXSID5037739,0,train,test,train
DTXSID2032554,0,train,train,train
DTXSID7049003,0,train,train,test
DTXSID3048605,0,train,train,train
DTXSID1020140,0,train,test,test
DTXSID0021129,0,train,train,train
DTXSID5051575,0,train,train,test
DTXSID1045118,1,train,train,test
DTXSID3047683,0,train,train,train
DTXSID8024787,0,train,train,train
DTXSID9024986,0,train,train,train
DTXSID2027830,0,train,train,train
DTXSID4022785,0,train,train,test
DTXSID6045741,0,train,train,test
DTXSID1020859,0,train,train,train
DTXSID9048936,0,train,train,train
DTXSID6023490,0,train,train,train
DTXSID6021828,0,train,train,train
DTXSID2048872,0,train,train,train
DTXSID0049232,0,train,test,train
DTXSID1029251,0,train,test,train
DTXSID4045424,0,train,train,train
DTXSID2045076,0,train,train,train
DTXSID1020980,0,train,train,train
DTXSID3044839,0,train,test,train
DTXSID3024102,0,train,train,train
DTXSID6037564,0,train,train,test
DTXSID6024832,0,train,train,train
DTXSID0038831,0,train,train,test
DTXSID1057664,0,train,train,test
DTXSID0034227,0,train,train,train
DTXSID1025433,0,train,test,train
DTXSID9034365,0,train,train,train
DTXSID7023699,0,train,test,train
DTXSID9027314,0,train,train,train
DTXSID0027228,0,train,train,train
DTXSID0044785,0,train,train,test
DTXSID7025180,0,train,train,train
DTXSID6023024,0,train,test,test
DTXSID8046828,0,train,train,train
DTXSID8057809,0,train,train,train
DTXSID8046406,0,train,train,train
DTXSID9020829,0,train,train,train
DTXSID7046889,0,train,train,train
DTXSID0021834,0,train,test,train
DTXSID4057845,0,train,train,test
DTXSID9022576,0,train,train,train
DTXSID0025733,0,train,train,train
DTXSID2044767,0,train,train,train
DTXSID7024904,0,train,train,train
DTXSID4022020,0,train,train,train
DTXSID9047469,0,train,train,train
DTXSID7044392,0,train,train,train
DTXSID2049052,0,train,train,train
DTXSID0041981,0,train,test,test
DTXSID4047200,0,train,test,test
DTXSID2048959,0,train,train,train
DTXSID6033401,0,train,train,train
DTXSID1030606,0,train,train,test
DTXSID4048191,0,train,train,test
DTXSID0021547,0,train,train,test
DTXSID5050426,0,train,test,test
DTXSID1022843,0,train,train,train
DTXSID2021282,0,train,train,train
DTXSID7052577,0,train,train,test
DTXSID1047285,1,train,train,test
DTXSID8046086,0,train,test,train
DTXSID2023193,0,train,test,train
DTXSID2057788,0,train,train,train
DTXSID8031865,1,train,train,train
DTXSID6048888,0,train,train,train
DTXSID9022817,0,train,train,train
DTXSID0047874,0,train,train,train
DTXSID8025258,0,train,train,train
DTXSID5057709,0,train,test,train
DTXSID3045433,0,train,train,test
DTXSID5041699,0,train,train,test
DTXSID1046475,0,train,test,train
DTXSID2021022,0,train,train,train
DTXSID4029224,0,train,train,train
DTXSID1027506,0,train,train,train
DTXSID2042517,0,train,train,test
DTXSID0027515,0,train,train,train
DTXSID1041421,0,train,test,train
DTXSID2038813,0,train,train,train
DTXSID9025879,0,train,train,test
DTXSID3046908,0,train,test,train
DTXSID2032891,0,train,train,train
DTXSID6044199,0,train,train,train
DTXSID6045452,0,train,train,train
DTXSID1038876,0,train,train,test
DTXSID2023519,0,train,test,train
DTXSID4034653,0,train,train,train
DTXSID9025455,0,train,test,train
DTXSID8023973,0,train,train,train
DTXSID5020493,0,train,train,train
DTXSID9027528,0,train,train,train
DTXSID7049059,0,train,train,train
DTXSID7020479,0,train,train,train
DTXSID1021790,0,train,train,train
DTXSID4045973,0,train,train,train
DTXSID2046123,0,train,train,train
DTXSID2027254,0,train,train,train
DTXSID6047315,0,train,train,train
DTXSID8034823,0,train,train,train
DTXSID1045405,0,train,train,train
DTXSID3046665,0,train,train,train
DTXSID1023607,0,train,test,train
DTXSID7049348,0,train,train,test
DTXSID8048733,0,train,train,train
DTXSID6057667,0,train,train,train
DTXSID4036514,0,train,train,train
DTXSID3045306,0,train,train,train
DTXSID7020263,0,train,train,train
DTXSID0023169,0,train,test,train
DTXSID2045151,0,train,train,train
DTXSID7044974,0,train,train,train
DTXSID1048178,0,train,train,train
DTXSID3026641,0,train,train,train
DTXSID0047290,0,train,train,test
DTXSID3032331,0,train,train,train
DTXSID0046272,0,train,train,train
DTXSID0048975,0,train,train,test
DTXSID8022371,0,train,train,train
DTXSID8034588,0,train,train,test
DTXSID8027240,0,train,train,train
DTXSID0047533,0,train,train,train
DTXSID8044884,0,train,test,train
DTXSID0025818,0,train,train,train
DTXSID7038810,0,train,train,train
DTXSID3047130,0,train,train,test
DTXSID5027223,0,train,train,train
DTXSID2021440,0,train,test,test
DTXSID2024747,0,train,train,train
DTXSID1048839,0,train,train,train
DTXSID4020321,0,train,train,train
DTXSID3024657,0,train,train,test
DTXSID8047187,0,train,train,train
DTXSID7047649,0,train,train,train
DTXSID4021971,0,train,train,train
DTXSID3044833,0,train,test,train
DTXSID3044382,0,train,train,test
DTXSID1027134,0,train,train,train
DTXSID7027259,0,train,train,test
DTXSID4042171,0,train,train,train
DTXSID5047033,0,train,train,test
DTXSID8047052,0,train,test,train
DTXSID0057837,0,train,train,train
DTXSID7047568,0,train,train,train
DTXSID7044681,0,train,train,train
DTXSID3021982,0,train,train,test
DTXSID3044201,0,train,train,train
DTXSID0024266,0,train,train,train
DTXSID1032303,0,train,train,test
DTXSID4022367,0,train,train,test
DTXSID9025166,0,train,train,test
DTXSID0023292,0,train,train,train
DTXSID9049326,0,train,train,train
DTXSID2025139,0,train,train,test
DTXSID9041075,0,train,train,train
DTXSID9057680,0,train,train,train
DTXSID8037750,0,train,train,train
DTXSID0049319,0,train,train,train
DTXSID5057751,0,train,train,train
DTXSID7040154,0,train,train,train
DTXSID9041653,0,train,train,train
DTXSID2023430,0,train,train,train
DTXSID6041422,1,train,train,test
DTXSID0020527,0,train,train,test
DTXSID9044299,0,train,train,test
DTXSID9046994,0,train,train,train
DTXSID2046385,0,train,train,train
DTXSID9021390,0,train,train,train
DTXSID9022520,0,train,test,train
DTXSID2057811,0,train,train,train
DTXSID2044842,1,train,train,train
DTXSID9044613,0,train,train,train
DTXSID1044934,0,train,test,test
DTXSID4027076,0,train,test,train
DTXSID2037714,0,train,train,train
DTXSID6041684,0,train,train,train
DTXSID2049426,0,train,train,train
DTXSID2020892,0,train,test,train
DTXSID9036646,1,train,train,train
DTXSID2021656,0,train,train,test
DTXSID9026261,0,train,test,train
DTXSID0045886,0,train,train,train
DTXSID3046081,0,train,train,train
DTXSID1020279,0,train,train,train
DTXSID3026647,0,train,train,test
DTXSID9037539,0,train,train,train
DTXSID1025641,0,train,train,train
DTXSID3045560,0,train,train,train
DTXSID2026523,0,train,train,train
DTXSID9040001,0,train,train,train
DTXSID7027174,0,train,train,train
DTXSID1024467,0,train,train,test
DTXSID3026564,0,train,train,train
DTXSID2044000,0,train,train,test
DTXSID1037515,0,train,train,train
DTXSID3047974,0,train,train,train
DTXSID9044661,0,train,train,train
DTXSID9024194,0,train,train,train
DTXSID8051544,0,train,train,train
DTXSID2020890,0,train,train,train
DTXSID9024063,0,train,train,train
DTXSID7040362,0,train,train,train
DTXSID8041117,0,train,test,test
DTXSID5024059,0,train,train,train
DTXSID7048746,0,train,train,train
DTXSID3044627,0,train,test,train
DTXSID5044447,0,train,test,train
DTXSID7031290,0,train,train,test
DTXSID2020761,0,train,test,test
DTXSID2022179,0,train,train,train
DTXSID1045958,0,train,train,train
DTXSID1049433,0,train,train,train
DTXSID5023792,0,train,test,train
DTXSID4026684,0,train,train,train
DTXSID8044416,0,train,train,train
DTXSID6047654,0,train,train,train
DTXSID7043908,0,train,train,train
DTXSID6046555,0,train,train,train
DTXSID9022526,0,train,train,train
DTXSID9051824,0,train,train,train
DTXSID0047907,0,train,train,train
DTXSID0032497,0,train,train,train
DTXSID0024395,0,train,train,train
DTXSID3046326,0,train,train,train
DTXSID6041927,0,train,train,train
DTXSID2044472,0,train,train,train
DTXSID3026279,0,train,test,train
DTXSID0037522,0,train,train,train
DTXSID4045763,0,train,train,test
DTXSID3044124,0,train,test,train
DTXSID3026275,0,train,train,train
DTXSID1020809,0,train,train,train
DTXSID5023324,0,train,train,test
DTXSID8020129,0,train,train,train
DTXSID8021690,1,train,train,train
DTXSID1025930,0,train,test,train
DTXSID9045188,0,train,test,train
DTXSID1047104,0,train,train,test
DTXSID9044825,0,train,train,train
DTXSID4043777,0,train,train,train
DTXSID7027205,0,train,train,train
DTXSID0044658,0,train,train,train
DTXSID7023146,0,train,train,train
DTXSID4027159,1,train,train,test
DTXSID2048616,0,train,train,test
DTXSID0021385,0,train,train,train
DTXSID8023551,0,train,train,train
DTXSID3045192,0,train,train,train
DTXSID1052539,0,train,train,train
DTXSID4047044,1,train,train,train
DTXSID2044632,0,train,test,train
DTXSID4047620,0,train,train,train
DTXSID8025094,0,train,train,train
DTXSID8046244,0,train,train,train
DTXSID2045654,0,train,train,train
DTXSID4047090,0,train,train,train
DTXSID2022121,0,train,train,train
DTXSID1048837,0,train,test,train
DTXSID1025221,0,train,train,train
DTXSID5047243,0,train,train,train
DTXSID7021499,0,train,test,train
DTXSID8020200,0,train,test,train
DTXSID2048828,0,train,train,train
DTXSID7020895,0,train,test,train
DTXSID1030317,0,train,train,train
DTXSID5023667,0,train,train,train
DTXSID4047464,0,train,train,train
DTXSID8027793,0,train,train,train
DTXSID5044788,0,train,train,train
DTXSID5032654,0,train,train,train
DTXSID3024491,0,train,train,test
DTXSID4048690,0,train,train,train
DTXSID9021479,0,train,train,train
DTXSID5048506,0,train,train,train
DTXSID0045125,0,train,train,train
DTXSID3027536,1,train,train,train
DTXSID9026500,0,train,train,train
DTXSID7021784,0,train,train,train
DTXSID4047337,0,train,test,train
DTXSID4024488,0,train,train,train
DTXSID3022536,0,train,train,train
DTXSID9047338,0,train,train,train
DTXSID6024628,0,train,test,train
DTXSID5027647,0,train,train,train
DTXSID9044407,0,train,train,test
DTXSID1026667,0,train,train,train
DTXSID2047199,0,train,train,train
DTXSID1045871,0,train,test,train
DTXSID9025403,0,train,train,train
DTXSID4032378,0,train,train,test
DTXSID9041813,0,train,test,train
DTXSID4048804,0,train,train,train
DTXSID7021289,0,train,train,train
DTXSID9046233,0,train,train,train
DTXSID1024465,0,train,train,train
DTXSID2042060,0,train,train,train
DTXSID5027146,0,train,test,test
DTXSID3048780,0,train,train,train
DTXSID4022947,0,train,train,test
DTXSID0034855,0,train,train,test
DTXSID6035285,0,train,train,train
DTXSID1031626,0,train,train,train
DTXSID4045898,0,train,train,train
DTXSID6047109,0,train,train,test
DTXSID5047160,0,train,train,train
DTXSID0048890,0,train,test,train
DTXSID6020149,0,train,train,train
DTXSID9046998,0,train,train,train
DTXSID3027116,0,train,train,test
DTXSID2042195,0,train,train,test
DTXSID8041610,0,train,train,train
DTXSID2022543,0,train,train,train
DTXSID8045515,0,train,train,train
DTXSID2046888,0,train,test,train
DTXSID3021930,0,train,train,train
DTXSID7040285,0,train,test,train
DTXSID7044396,0,train,test,train
DTXSID2057601,0,train,train,train
DTXSID1045879,0,train,train,train
DTXSID7052288,0,train,train,train
DTXSID6046892,0,train,train,train
DTXSID2036112,0,train,train,test
DTXSID9022738,0,train,train,test
DTXSID6020355,0,train,train,train
DTXSID2057786,0,train,train,train
DTXSID3026065,0,train,train,train
DTXSID9022657,0,train,train,train
DTXSID7049051,0,train,train,test
DTXSID1022138,0,train,train,train
DTXSID9025873,0,train,test,train
DTXSID4057639,0,train,test,train
DTXSID2044424,0,train,train,test
DTXSID5023613,0,train,test,train
DTXSID9045843,0,train,train,train
DTXSID5027805,0,train,train,train
DTXSID8027084,0,train,train,train
DTXSID8022086,0,train,train,train
DTXSID3048948,0,train,train,train
DTXSID7025132,0,train,train,train
DTXSID5052884,0,train,train,train
DTXSID8041080,0,train,train,train
DTXSID1023572,0,train,train,train
DTXSID8045359,0,train,train,test
DTXSID2022171,0,train,train,train
DTXSID8024498,0,train,train,test
DTXSID6044513,1,train,train,train
DTXSID9027233,0,train,train,test
DTXSID1046051,0,train,train,train
DTXSID2024589,0,train,train,test
DTXSID6020278,0,train,test,train
DTXSID1041188,0,train,train,train
DTXSID5045673,0,train,train,train
DTXSID8049418,0,train,train,test
DTXSID1047071,0,train,train,train
DTXSID2024660,0,train,test,train
DTXSID8020094,0,train,test,train
DTXSID8026640,0,train,test,train
DTXSID1027556,0,train,train,train
DTXSID4048802,0,train,train,train
DTXSID9049405,0,train,test,train
DTXSID4044828,0,train,train,train
DTXSID1027920,0,train,train,train
DTXSID7049346,0,train,train,train
DTXSID2041709,0,train,test,test
DTXSID4025113,0,train,train,train
DTXSID8020620,0,train,train,train
DTXSID7021601,0,train,train,train
DTXSID9020243,0,train,train,train
DTXSID7044635,0,train,train,train
DTXSID4032372,0,train,train,train
DTXSID2041541,0,train,train,train
DTXSID6057617,0,train,train,train
DTXSID3041613,0,train,test,test
DTXSID8021270,0,train,train,train
DTXSID7045287,0,train,train,test
DTXSID8033562,0,train,train,test
DTXSID3021647,0,train,train,train
DTXSID9025665,0,train,train,train
DTXSID3042263,1,train,train,train
DTXSID3029158,0,train,train,train
DTXSID9046449,0,train,train,test
DTXSID0047246,0,train,train,train
DTXSID0032572,0,train,test,train
DTXSID9047700,0,train,test,train
DTXSID0046276,0,train,train,train
DTXSID4025793,0,train,train,train
DTXSID6042282,0,train,train,train
DTXSID2045072,0,train,test,train
DTXSID6044355,0,train,test,train
DTXSID5044368,1,train,train,train
DTXSID0027301,0,train,train,train
DTXSID1020275,0,train,test,train
DTXSID8038855,0,train,train,test
DTXSID7049398,0,train,test,train
DTXSID9047201,0,train,test,test
DTXSID5057628,0,train,train,train
DTXSID5021758,0,train,train,train
DTXSID3044128,0,train,train,train
DTXSID5045598,0,train,train,train
DTXSID2025688,0,train,test,test
DTXSID9045683,0,train,train,train
DTXSID5025574,0,train,train,train
DTXSID3022035,0,train,test,train
DTXSID5046776,0,train,train,train
DTXSID5044607,0,train,train,test
DTXSID5048841,0,train,test,test
DTXSID9026219,0,train,train,train
DTXSID2021315,0,train,train,train
DTXSID4024270,0,train,train,test
DTXSID5057705,0,train,test,train
DTXSID6022927,0,train,train,train
DTXSID6023363,0,train,train,train
DTXSID1042574,0,train,train,train
DTXSID5049314,0,train,train,train
DTXSID2021604,0,train,train,train
DTXSID6027268,0,train,train,train
DTXSID6047288,1,train,train,train
DTXSID4057633,0,train,train,train
DTXSID0026252,0,train,train,test
DTXSID7052319,0,train,train,train
DTXSID1041261,0,train,train,train
DTXSID2047305,0,train,train,train
DTXSID0049369,0,train,test,train
DTXSID3052010,0,train,train,train
DTXSID0021626,0,train,test,train
DTXSID4031980,0,train,train,train
DTXSID8021141,0,train,train,train
DTXSID6025567,0,train,test,train
DTXSID4041997,0,train,train,train
DTXSID3022160,0,train,train,train
DTXSID0047745,0,train,train,train
DTXSID6027262,0,train,train,test
DTXSID2022127,0,train,train,train
DTXSID0023298,0,train,test,train
DTXSID8037754,0,train,train,train
DTXSID7047697,0,train,test,test
DTXSID3037757,0,train,train,train
DTXSID3045229,0,train,test,test
DTXSID8020678,0,train,train,train
DTXSID6041507,0,train,train,train
DTXSID3024441,0,train,train,train
DTXSID3024239,0,train,test,train
DTXSID7045312,0,train,train,train
DTXSID0038881,1,train,test,train
DTXSID8041371,0,train,train,train
DTXSID4048856,0,train,test,train
DTXSID5021621,0,train,train,train
DTXSID4044745,0,train,train,train
DTXSID6025804,0,train,train,train
DTXSID0021597,0,train,train,train
DTXSID9047091,0,train,train,train
DTXSID2025391,0,train,test,train
DTXSID8021145,0,train,train,train
DTXSID2044420,0,train,test,test
DTXSID8041955,0,train,train,train
DTXSID5041190,0,train,train,train
DTXSID2032398,1,train,test,test
DTXSID4023387,0,train,train,train
DTXSID5021255,0,train,train,train
DTXSID9045558,0,train,train,train
DTXSID0022193,0,train,train,train
DTXSID2020470,0,train,train,train
DTXSID5021837,0,train,train,test
DTXSID0049078,0,train,train,train
DTXSID8042507,0,train,train,train
DTXSID5041439,0,train,train,train
DTXSID3026726,0,train,train,train
DTXSID8057857,0,train,test,test
DTXSID7044342,0,train,test,train
DTXSID1022007,0,train,train,train
DTXSID8024109,0,train,train,train
DTXSID4020086,0,train,train,train
DTXSID5052838,0,train,test,train
DTXSID9022524,0,train,test,test
DTXSID1047102,0,train,train,train
DTXSID0026258,0,train,test,train
DTXSID7049215,0,train,train,train
DTXSID4044743,0,train,train,train
DTXSID6049301,0,train,test,train
DTXSID1045538,0,train,train,train
DTXSID7045366,0,train,train,train
DTXSID0022018,0,train,train,test
DTXSID3044625,0,train,test,train
DTXSID8026515,0,train,train,train
DTXSID5048211,0,train,train,train
DTXSID7045574,0,train,train,train
DTXSID8020464,0,train,train,train
DTXSID0045880,0,train,test,train
DTXSID8029733,0,train,test,train
DTXSID5047324,0,train,train,train
DTXSID8044620,0,train,train,test
DTXSID8029230,0,train,train,train
DTXSID5041308,0,train,train,train
DTXSID9057761,0,train,train,train
DTXSID5046853,1,train,test,train
DTXSID2044137,0,train,train,train
DTXSID5023902,0,train,train,train
DTXSID0048927,0,train,train,train
DTXSID3027039,0,train,train,train
DTXSID2021365,0,train,test,train
DTXSID6049270,0,train,train,test
DTXSID3032626,0,train,train,train
DTXSID5023033,0,train,train,train
DTXSID8024529,0,train,train,train
DTXSID2045943,0,train,train,train
DTXSID6044430,0,train,test,train
DTXSID7022835,0,train,test,test
DTXSID0020650,0,train,train,train
DTXSID0044945,0,train,train,train
DTXSID3027798,0,train,train,train
DTXSID3046453,0,train,train,train
DTXSID0047828,0,train,train,train
DTXSID2042276,0,train,train,train
DTXSID6021583,0,train,train,train
DTXSID2021864,0,train,train,test
DTXSID1049065,0,train,train,test
DTXSID0020862,0,train,test,train
DTXSID7044390,0,train,train,train
DTXSID3021487,0,train,test,test
DTXSID9044877,0,train,train,train
DTXSID1047780,0,train,train,test
DTXSID4042256,0,train,test,train
DTXSID1057795,0,train,train,train
DTXSID3047508,0,train,train,train
DTXSID0045836,0,train,train,train
DTXSID4029149,0,train,train,train
DTXSID4020876,0,train,test,test
DTXSID2044553,0,train,train,test
DTXSID7022382,0,train,test,train
DTXSID6029127,0,train,train,test
DTXSID6057823,0,train,train,train
DTXSID7040734,0,train,train,train
DTXSID6052295,0,train,train,test
DTXSID7026946,0,train,train,train
DTXSID9047889,0,train,test,test
DTXSID1024887,0,train,train,train
DTXSID3022584,0,train,train,train
DTXSID0024553,0,train,train,train
DTXSID0020361,0,train,test,train
DTXSID3022085,0,train,train,train
DTXSID5044732,0,train,train,train
DTXSID0025816,0,train,train,train
DTXSID7026102,0,train,train,test
DTXSID7027835,0,train,train,test
DTXSID1020803,0,train,train,train
DTXSID0042242,0,train,train,train
DTXSID1022974,0,train,train,test
DTXSID9046283,0,train,train,test
DTXSID1020063,0,train,train,train
DTXSID8048737,0,train,train,test
DTXSID7047560,0,train,train,train
DTXSID5024051,0,train,train,train
DTXSID8027454,0,train,test,train
DTXSID1048174,0,train,train,train
DTXSID5044940,0,train,train,train
DTXSID2048826,0,train,train,test
DTXSID9023702,0,train,test,train
DTXSID6029254,0,train,train,train
DTXSID7045368,0,train,train,train
DTXSID3041409,0,train,test,train
DTXSID2041252,0,train,train,train
DTXSID2046670,0,train,train,train
DTXSID9040134,0,train,test,train
DTXSID5045964,0,train,train,test
DTXSID8044414,0,train,train,train
DTXSID7021027,0,train,train,train
DTXSID9021841,0,train,train,train
DTXSID3026984,0,train,train,test
DTXSID8042426,0,train,train,train
DTXSID6037697,0,train,train,train
DTXSID9048930,0,train,test,train
DTXSID4047339,0,train,train,train
DTXSID9038686,0,train,train,train
DTXSID7046415,0,train,train,train
DTXSID2046042,0,train,train,train
DTXSID1044857,0,train,test,train
DTXSID2029874,0,train,train,train
DTXSID9049037,0,train,train,train
DTXSID1046390,0,train,train,train
DTXSID9047047,0,train,train,train
DTXSID4026711,0,train,train,test
DTXSID3057771,0,train,train,train
DTXSID0046226,0,train,train,test
DTXSID7041417,0,train,train,train
DTXSID4044585,0,train,train,train
DTXSID8045434,0,train,train,train
DTXSID5047162,0,train,train,test
DTXSID8026060,0,train,train,train
DTXSID0024341,0,train,train,test
DTXSID9048722,0,train,train,train
DTXSID1046398,0,train,train,train
DTXSID9026922,0,train,test,train
DTXSID5045380,0,train,train,train
DTXSID4020533,0,train,train,train
DTXSID0057627,0,train,train,test
DTXSID6044698,0,train,train,train
DTXSID4032615,0,train,train,train
DTXSID5038830,0,train,train,train
DTXSID0052043,0,train,train,train
DTXSID3033307,0,train,train,train
DTXSID4049323,0,train,train,train
DTXSID4020298,1,train,train,train
DTXSID2047858,0,train,train,train
DTXSID8020044,0,train,test,train
DTXSID2048379,0,train,train,train
DTXSID0047034,0,train,train,train
DTXSID4029195,0,train,train,train
DTXSID2025715,0,train,train,train
DTXSID3027792,0,train,test,test
DTXSID0044446,0,train,train,train
DTXSID3047895,0,train,test,train
DTXSID0044363,0,train,train,test
DTXSID7048166,0,train,train,train
DTXSID4042416,0,train,train,train
DTXSID4023672,0,train,train,test
DTXSID8027959,0,train,train,train
DTXSID3047633,0,train,train,train
DTXSID9049293,0,train,train,train
DTXSID2022967,0,train,train,train
DTXSID3047554,0,train,train,test
DTXSID8041242,0,train,train,test
DTXSID8057695,0,train,train,test
DTXSID0042614,0,train,train,train
DTXSID3036525,0,train,train,test
DTXSID6023155,0,train,test,train
DTXSID5021914,0,train,test,test
DTXSID2026232,0,train,train,train
DTXSID9021922,0,train,train,train
DTXSID2023488,0,train,train,train
DTXSID7044976,0,train,train,test
DTXSID7021520,0,train,train,train
DTXSID0023587,0,train,train,test
DTXSID0025654,0,train,train,train
DTXSID1025279,0,train,test,train
DTXSID1048623,0,train,train,train
DTXSID2057815,0,train,test,train
DTXSID9057686,0,train,test,train
DTXSID6045907,0,train,train,test
DTXSID7046388,0,train,train,train
DTXSID4020870,1,train,train,train
DTXSID0044735,0,train,test,train
DTXSID1045584,1,train,train,train
DTXSID7021605,0,train,train,train
DTXSID7023487,0,train,test,train
DTXSID1037303,0,train,train,test
DTXSID0020814,0,train,train,test
DTXSID4025298,1,train,train,train
DTXSID8044967,0,train,train,train
DTXSID7048744,0,train,train,train
DTXSID5047584,0,train,train,train
DTXSID7049394,0,train,test,train
DTXSID3038800,0,train,train,train
DTXSID4046286,0,train,train,train
DTXSID3045859,0,train,test,train
DTXSID0020494,0,train,test,train
DTXSID5046225,0,train,train,train
DTXSID0041517,0,train,train,train
DTXSID4020745,0,train,train,train
DTXSID3027293,0,train,train,train
DTXSID2050403,0,train,train,train
DTXSID2021654,0,train,train,train
DTXSID9021847,0,train,train,train
DTXSID2023016,0,train,train,train
DTXSID7044340,0,train,train,train
DTXSID3047637,0,train,train,train
DTXSID7020970,0,train,train,test
DTXSID6057661,0,train,train,test
DTXSID4045002,0,train,train,test
DTXSID6032645,0,train,train,train
DTXSID0020024,0,train,test,train
DTXSID3021801,0,train,train,train
DTXSID6020143,0,train,train,train
DTXSID0047953,0,train,train,train
DTXSID8020410,0,train,test,train
DTXSID7024956,0,train,train,train
DTXSID2021311,1,train,train,train
DTXSID2026525,0,train,train,train
DTXSID7021998,0,train,train,train
DTXSID8029575,0,train,test,train
DTXSID5026461,0,train,train,test
DTXSID2040787,0,train,train,train
DTXSID5046485,0,train,test,test
DTXSID2024793,0,train,train,test
DTXSID9047259,0,train,test,train
DTXSID8024783,0,train,train,train
DTXSID0047080,0,train,train,test
DTXSID6045583,0,train,train,train
DTXSID1044433,0,train,train,train
DTXSID7047772,0,train,train,train
DTXSID3057808,0,train,train,train
DTXSID4041230,0,train,train,train
DTXSID6044727,0,train,train,train
DTXSID3048522,0,train,train,train
DTXSID9025409,0,train,train,test
DTXSID0052463,0,train,train,train
DTXSID0041274,0,train,train,test
DTXSID1048704,0,train,train,train
DTXSID4020290,1,train,train,test
DTXSID8044381,0,train,train,train
DTXSID0020284,0,train,test,train
DTXSID2044684,0,train,train,train
DTXSID0046482,0,train,test,train
DTXSID7044897,0,train,train,train
DTXSID0052598,0,train,train,train
DTXSID9021182,0,train,test,test
DTXSID8040721,0,train,test,train
DTXSID8025963,0,train,train,train
DTXSID5025811,0,train,train,train
DTXSID9023881,0,train,train,train
DTXSID4027490,0,train,train,train
DTXSID9048518,0,train,train,train
DTXSID4022652,0,train,train,train
DTXSID3020465,0,train,train,test
DTXSID5020732,0,train,train,train
DTXSID5029217,0,train,train,train
DTXSID5021120,0,train,train,train
DTXSID6040246,0,train,train,train
DTXSID2049006,0,train,test,train
DTXSID8048868,0,train,train,train
DTXSID1021322,0,train,train,train
DTXSID0022850,0,train,train,train
DTXSID8027581,0,train,train,train
DTXSID2025185,0,train,train,train
DTXSID3025889,0,train,test,train
DTXSID5029182,1,train,test,train
DTXSID4047383,0,train,train,train
DTXSID4044589,0,train,train,train
DTXSID4025329,0,train,train,train
DTXSID5021962,0,train,train,train
DTXSID0022060,0,train,train,train
DTXSID9044871,0,train,test,train
DTXSID8047898,0,train,train,train
DTXSID5047037,0,train,train,train
DTXSID5045590,0,train,train,test
DTXSID4046076,0,train,train,train
DTXSID2026157,0,train,train,train
DTXSID2046418,0,train,train,train
DTXSID3022409,0,train,train,train
DTXSID6046842,0,train,train,test
DTXSID4045682,0,train,train,train
DTXSID6026169,0,train,train,train
DTXSID5034698,0,train,train,train
DTXSID2041206,1,train,train,train
DTXSID5047453,0,train,train,train
DTXSID1047578,0,train,test,train
DTXSID6043913,0,train,train,train
DTXSID5024057,0,train,train,train
DTXSID5024500,0,train,train,test
DTXSID2024038,0,train,test,train
DTXSID0025074,0,train,test,train
DTXSID8049046,0,train,train,test
DTXSID2049428,0,train,train,test
DTXSID1046188,0,train,train,train
DTXSID4048935,0,train,train,train
DTXSID7024035,1,train,train,train
DTXSID1021164,1,train,train,test
DTXSID4044616,0,train,test,train
DTXSID0034192,0,train,train,train
DTXSID9032327,0,train,train,train
DTXSID7041708,0,train,train,train
DTXSID5047241,0,train,train,train
DTXSID2024953,0,train,train,train
DTXSID4027789,0,train,train,train
DTXSID9022813,0,train,train,train
DTXSID5026122,0,train,train,train
DTXSID4044820,0,train,train,train
DTXSID7020398,0,train,train,train
DTXSID6052536,0,train,test,train
DTXSID0046307,1,train,train,test
DTXSID1047281,1,train,test,train
DTXSID3045223,0,train,train,train
DTXSID4020240,0,train,test,test
DTXSID5043895,0,train,test,train
DTXSID8026193,0,train,train,train
DTXSID7041209,0,train,train,train
DTXSID5045835,0,train,train,train
DTXSID4028040,0,train,train,test
DTXSID9041520,0,train,train,test
DTXSID9025085,0,train,train,train
DTXSID7032424,0,train,train,train
DTXSID4022109,0,train,train,train
DTXSID3027588,0,train,train,train
DTXSID8026436,0,train,train,train
DTXSID1023150,0,train,train,train
DTXSID5046724,0,train,train,train
DTXSID4045638,0,train,train,train
DTXSID7034549,0,train,train,test
DTXSID5044029,0,train,train,train
DTXSID1021792,0,train,train,train
DTXSID0051732,0,train,train,train
DTXSID8044466,0,train,train,test
DTXSID8023216,0,train,test,train
DTXSID9026899,0,train,train,test
DTXSID0046195,0,train,train,train
DTXSID7029320,0,train,train,train
DTXSID6020985,0,train,train,train
DTXSID1044354,0,train,train,train
DTXSID7041336,0,train,train,test
DTXSID6046395,0,train,train,test
DTXSID4022070,0,train,train,train
DTXSID2040739,0,train,train,train
DTXSID8021199,0,train,test,train
DTXSID2045993,0,train,train,train
DTXSID6032354,0,train,train,train
DTXSID7020053,0,train,train,train
DTXSID1022217,0,train,train,train
DTXSID8045804,0,train,train,train
DTXSID0025997,1,train,train,test
DTXSID3023687,0,train,train,train
DTXSID9025580,0,train,train,test
DTXSID1046267,0,train,test,train
DTXSID8044383,0,train,train,train
DTXSID7044843,0,train,train,train
DTXSID9047677,0,train,train,train
DTXSID2024113,0,train,train,train
DTXSID6021321,0,train,train,train
DTXSID4028967,0,train,train,test
DTXSID0040751,0,train,train,train
DTXSID0037730,0,train,test,train
DTXSID3057725,0,train,train,train
DTXSID7021788,0,train,train,test
DTXSID8021937,0,train,train,train
DTXSID1024209,0,train,test,test
DTXSID0022725,1,train,train,train
DTXSID1020512,0,train,train,test
DTXSID2046678,0,train,test,train
DTXSID7045813,0,train,train,train
DTXSID3023340,0,train,train,train
DTXSID3044380,0,train,train,train
DTXSID1023605,0,train,train,train
DTXSID2038788,1,train,train,test
DTXSID0033673,0,train,train,train
DTXSID1040243,0,train,train,train
DTXSID8042503,0,train,train,test
DTXSID4025662,0,train,train,train
DTXSID7049425,0,train,train,test
DTXSID4046525,0,train,train,test
DTXSID2048799,0,train,train,train
DTXSID0048896,0,train,test,train
DTXSID8025628,0,train,train,test
DTXSID4027650,0,train,train,train
DTXSID6049307,0,train,train,test
DTXSID5047295,0,train,train,train
DTXSID6021379,1,train,train,train
DTXSID0021254,0,train,train,train
DTXSID9044455,0,train,train,test
DTXSID0029262,1,train,train,train
DTXSID2020137,0,train,train,train
DTXSID0023612,0,train,train,train
DTXSID0026175,0,train,train,train
DTXSID3029607,0,train,train,train
DTXSID0046511,0,train,train,train
DTXSID9020407,0,train,train,test
DTXSID7048902,0,train,train,test
DTXSID8057722,0,train,train,train
DTXSID7035272,0,train,train,train
DTXSID6042440,0,train,test,train
DTXSID1030319,0,train,train,train
DTXSID2047725,0,train,train,train
DTXSID4025117,0,train,train,train
DTXSID8032675,0,train,train,test
DTXSID0020442,0,train,train,train
DTXSID7049213,0,train,test,train
DTXSID8041745,0,train,train,train
DTXSID3020881,0,train,test,train
DTXSID8044208,0,train,train,test
DTXSID9027443,0,train,train,train
DTXSID2029616,0,train,train,train
DTXSID8044412,0,train,train,train
DTXSID6032518,0,train,train,train
DTXSID3037707,0,train,train,train
DTXSID2048745,0,train,train,train
DTXSID7044895,0,train,train,train
DTXSID8033649,0,train,train,test
DTXSID4043850,0,train,train,train
DTXSID2044268,0,train,train,train
DTXSID3034531,0,train,test,train
DTXSID6051306,0,train,test,train
DTXSID6024882,0,train,train,train
DTXSID3045770,0,train,train,train
DTXSID4021688,0,train,train,train
DTXSID2046919,0,train,test,train
DTXSID4049373,0,train,train,train
DTXSID1021821,0,train,train,train
DTXSID8026931,0,train,train,train
DTXSID9047253,0,train,train,train
DTXSID9046310,0,train,train,test
DTXSID9046738,0,train,train,test
DTXSID9047415,0,train,train,test
DTXSID2026941,0,train,train,train
DTXSID4020791,0,train,train,train
DTXSID3041299,0,train,train,train
DTXSID2025137,0,train,train,train
DTXSID1044518,0,train,train,train
DTXSID9045136,0,train,train,train
DTXSID0021620,0,train,test,train
DTXSID7041671,0,train,train,train
DTXSID5022932,0,train,train,test
DTXSID0049315,0,train,train,test
DTXSID2047567,0,train,train,test
DTXSID4022866,0,train,test,train
DTXSID5021388,0,train,train,train
DTXSID2041256,0,train,test,train
DTXSID2045232,1,train,train,train
DTXSID7057656,0,train,train,train
DTXSID1044805,0,train,train,train
DTXSID4023595,0,train,train,train
DTXSID5047879,0,train,train,train
DTXSID2044347,1,train,test,train
DTXSID1044227,0,train,train,train
DTXSID9032878,0,train,train,test
DTXSID6046216,0,train,train,train
DTXSID2026448,0,train,train,train
DTXSID6046264,0,train,train,train
DTXSID1047576,0,train,train,train
DTXSID0047036,0,train,test,test
DTXSID8044202,0,train,train,test
DTXSID1041683,0,train,train,train
DTXSID1022425,0,train,train,train
DTXSID8041379,0,train,train,test
DTXSID5046437,0,train,train,train
DTXSID8048999,0,train,train,test
DTXSID1022681,0,train,test,train
DTXSID5044289,0,train,train,train
DTXSID8023632,0,train,train,test
DTXSID7032638,0,train,train,train
DTXSID3024869,0,train,train,train
DTXSID3032628,0,train,train,test
DTXSID2047935,0,train,test,test
DTXSID0044365,0,train,train,test
DTXSID7034961,1,train,test,test
DTXSID3038808,0,train,train,test
DTXSID3045562,0,train,train,test
DTXSID8025599,0,train,train,train
DTXSID3044544,0,train,train,test
DTXSID3034458,0,train,train,train
DTXSID1048201,0,train,train,train
DTXSID6044646,0,train,train,train
DTXSID3029364,0,train,test,train
DTXSID6022393,0,train,test,train
DTXSID1046502,0,train,train,train
DTXSID7051715,0,train,train,train
DTXSID9049083,0,train,train,train
DTXSID8047892,0,train,train,train
DTXSID3038694,0,train,train,train
DTXSID9049322,0,train,test,train
DTXSID1024126,0,train,train,train
DTXSID3023425,0,train,train,train
DTXSID3041790,0,train,train,train
DTXSID8024448,0,train,train,train
DTXSID5046142,0,train,test,train
DTXSID2024797,0,train,train,test
DTXSID2048581,0,train,test,train
DTXSID1022001,0,train,train,train
DTXSID7046045,0,train,train,test
DTXSID5045883,0,train,train,test
DTXSID4039233,0,train,train,train
DTXSID6021959,0,train,train,test
DTXSID3020962,0,train,train,test
DTXSID4044458,0,train,train,test
DTXSID2020923,0,train,train,train
DTXSID3027584,0,train,train,test
DTXSID0047797,0,train,train,train
DTXSID2038732,0,train,train,train
DTXSID2044929,0,train,test,train
DTXSID3042477,0,train,train,train
DTXSID4022315,0,train,test,train
DTXSID9041607,0,train,train,train
DTXSID7057812,0,train,train,train
DTXSID2032392,0,train,train,train
DTXSID7048900,0,train,train,train
DTXSID7034460,0,train,train,train
DTXSID5020869,0,train,train,train
DTXSID9045217,0,train,train,train
DTXSID6044802,0,train,train,train
DTXSID0041270,1,train,test,train
DTXSID4038847,0,train,train,train
DTXSID5047039,0,train,train,train
DTXSID6024599,0,train,train,train
DTXSID1025063,0,train,test,test
DTXSID5021968,0,train,test,train
DTXSID5049312,0,train,test,train
DTXSID6027218,0,train,test,train
DTXSID5045700,0,train,train,train
DTXSID8044832,0,train,train,train
DTXSID1041132,0,train,train,train
DTXSID3023556,1,train,train,train
DTXSID7020392,0,train,train,train
DTXSID1037696,0,train,train,train
DTXSID1044514,0,train,train,train
DTXSID3024780,0,train,train,train
DTXSID0021179,0,train,train,test
DTXSID8023347,0,train,test,test
DTXSID2041545,0,train,train,train
DTXSID8025046,0,train,train,test
DTXSID1048170,0,train,train,train
DTXSID7041201,0,train,train,train
DTXSID5023900,0,train,train,test
DTXSID5022279,0,train,train,train
DTXSID2047301,1,train,test,train
DTXSID6048208,0,train,train,test
DTXSID2020478,0,train,test,train
DTXSID7020922,0,train,test,train
DTXSID6047363,0,train,train,train
DTXSID8046450,0,train,train,test
DTXSID8020919,0,train,train,train
DTXSID3024366,0,train,test,train
DTXSID8040727,0,train,test,test
DTXSID9024431,0,train,train,test
DTXSID7052860,0,train,train,train
DTXSID1024916,0,train,train,train
DTXSID4046949,0,train,train,train
DTXSID2049399,0,train,train,train
DTXSID0034930,1,train,train,train
DTXSID6057619,0,train,train,train
DTXSID6021082,0,train,train,train
DTXSID5048897,0,train,test,train
DTXSID0049288,0,train,train,train
DTXSID7032555,0,train,train,test
DTXSID8025096,0,train,train,test
DTXSID0027149,0,train,train,train
DTXSID6026082,0,train,train,train
DTXSID6047444,0,train,train,test
DTXSID2027834,0,train,train,test
DTXSID1044221,0,train,train,train
DTXSID0046644,0,train,train,train
DTXSID7057606,0,train,train,train
DTXSID7045441,0,train,train,test
DTXSID8043814,0,train,train,train
DTXSID8057805,0,train,train,train
DTXSID0045202,0,train,train,train
DTXSID4024981,0,train,test,train
DTXSID6021117,0,train,test,train
DTXSID7044398,0,train,train,train
DTXSID6057748,0,train,test,train
DTXSID7041178,0,train,test,train
DTXSID5020239,0,train,train,test
DTXSID7051474,0,train,train,test
DTXSID8057726,0,train,test,test
DTXSID3033276,0,train,train,train
DTXSID5025237,0,train,train,test
DTXSID5024344,0,train,train,train
DTXSID9027570,0,train,train,train
DTXSID2048822,0,train,train,train
DTXSID6047311,0,train,train,train
DTXSID4020822,0,train,train,train
DTXSID1020190,0,train,train,train
DTXSID8040698,0,train,train,test
DTXSID6045820,0,train,train,test
DTXSID2047357,0,train,train,train
DTXSID2026446,0,train,train,train
DTXSID6024200,0,train,test,train
DTXSID3026512,0,train,test,test
DTXSID0052621,0,train,train,train
DTXSID1031460,0,train,train,train
DTXSID7025269,0,train,test,test
DTXSID1026241,0,train,train,test
DTXSID3023685,0,train,train,train
DTXSID6022006,1,train,train,train
DTXSID9020378,0,train,train,train
DTXSID6020145,0,train,train,train
DTXSID6022846,0,train,test,train
DTXSID2020509,0,train,test,train
DTXSID3021938,0,train,train,train
DTXSID6045373,0,train,train,train
DTXSID5033595,0,train,train,train
DTXSID9047540,0,train,test,train
DTXSID4044668,0,train,train,test
DTXSID0051493,0,train,test,train
DTXSID2049341,0,train,test,test
DTXSID1047609,0,train,train,train
DTXSID2027884,0,train,train,train
DTXSID5023615,0,train,train,train
DTXSID8026147,0,train,train,test
DTXSID2027175,1,train,train,test
DTXSID0052629,0,train,train,test
DTXSID3052307,0,train,train,train
DTXSID9026849,0,train,train,test
DTXSID5046221,0,train,train,train
DTXSID1047150,0,train,train,train
DTXSID5022980,0,train,train,train
DTXSID9023706,0,train,test,train
DTXSID3052567,0,train,train,train
DTXSID7047803,0,train,train,train
DTXSID8021648,0,train,train,train
DTXSID5046770,0,train,train,test
DTXSID6020276,0,train,train,test
DTXSID4046288,0,train,train,test
DTXSID6023997,0,train,train,train
DTXSID3020679,0,train,test,train
DTXSID7041411,0,train,train,test
DTXSID1049352,0,train,train,train
DTXSID3027291,0,train,train,train
DTXSID9040269,0,train,train,train
DTXSID5023322,0,train,test,train
DTXSID4021056,0,train,train,test
DTXSID5025607,0,train,train,train
DTXSID4020618,0,train,train,train
DTXSID9027021,0,train,test,train
DTXSID8026513,0,train,test,train
DTXSID3047639,0,train,test,train
DTXSID2021658,0,train,test,train
DTXSID8051540,0,train,test,train
DTXSID4044452,0,train,train,train
DTXSID0045179,0,train,train,train
DTXSID0020573,0,train,train,train
DTXSID6025068,0,train,train,train
DTXSID0023660,0,train,train,train
DTXSID3020097,0,train,train,train
DTXSID9042209,1,train,train,train
DTXSID2047434,0,train,test,train
DTXSID3034872,1,train,train,train
DTXSID5020108,0,train,train,train
DTXSID9022312,0,train,train,train
DTXSID8025759,0,train,train,train
DTXSID1047520,0,train,test,train
DTXSID2020898,0,train,train,train
DTXSID5041431,0,train,test,train
DTXSID0057756,0,train,test,test
DTXSID7044475,0,train,train,train
DTXSID5044738,0,train,train,test
DTXSID5024261,0,train,train,train
DTXSID1029122,0,train,train,train
DTXSID2021810,0,train,train,train
DTXSID4023628,0,train,train,test
DTXSID1047813,0,train,train,train
DTXSID9021631,0,train,train,train
DTXSID7026235,0,train,train,train
DTXSID4057689,0,train,train,train
DTXSID0044440,0,train,train,test
DTXSID1046396,0,train,train,train
DTXSID7042352,0,train,train,train
DTXSID1044851,0,train,train,train
DTXSID2032342,0,train,train,train
DTXSID4025402,0,train,train,train
DTXSID6020777,0,train,test,train
DTXSID3041665,0,train,train,train
DTXSID6025939,0,train,train,test
DTXSID2021652,0,train,test,train
DTXSID3026306,0,train,test,train
DTXSID9023914,0,train,train,train
DTXSID3020889,0,train,train,train
DTXSID0046690,0,train,train,train
DTXSID9033979,0,train,train,train
DTXSID5047118,0,train,train,train
DTXSID0026204,0,train,train,test
DTXSID9044611,0,train,train,train
DTXSID9029225,0,train,train,train
DTXSID4027361,0,train,train,train
DTXSID3049415,0,train,train,train
DTXSID8049410,0,train,test,train
DTXSID6040375,0,train,train,train
DTXSID2026494,0,train,train,train
DTXSID1035783,0,train,train,train
DTXSID1045663,0,train,train,train
DTXSID6045587,0,train,train,train
DTXSID1041920,0,train,train,train
DTXSID7052735,0,train,train,test
DTXSID8024157,0,train,train,train
DTXSID9020299,0,train,train,test
DTXSID6045870,0,train,train,train
DTXSID1038321,0,train,train,train
DTXSID8044252,0,train,train,train
DTXSID4022783,0,train,test,train
DTXSID2044682,0,train,train,train
DTXSID2025503,0,train,train,train
DTXSID8047391,0,train,train,test
DTXSID5022489,0,train,train,train
DTXSID1047497,0,train,test,train
DTXSID1057614,0,train,train,train
DTXSID9027158,0,train,train,train
DTXSID0047294,1,train,train,train
DTXSID5024001,0,train,train,train
DTXSID1034181,0,train,train,train
DTXSID1057799,0,train,train,train
DTXSID7024950,0,train,train,train
DTXSID4049406,0,train,train,train
DTXSID2047309,0,train,test,train
DTXSID9020370,0,train,test,test
DTXSID4044581,0,train,train,train
DTXSID8037752,0,train,train,train
DTXSID7052101,0,train,train,train
DTXSID5044520,0,train,train,train
DTXSID4046157,0,train,train,train
DTXSID9021897,0,train,train,train
DTXSID5020360,0,train,train,train
DTXSID6047490,0,train,test,train
DTXSID2045444,0,train,train,train
DTXSID9046946,0,train,train,test
DTXSID0040208,0,train,train,train
DTXSID5044867,0,train,train,train
DTXSID8026488,0,train,train,train
DTXSID0047377,1,train,train,train
DTXSID1045748,0,train,train,train
DTXSID4044799,0,train,test,test
DTXSID7033105,0,train,train,train
DTXSID7027413,0,train,train,train
DTXSID6048672,0,train,train,train
DTXSID9021843,0,train,train,train
DTXSID0043761,0,train,train,test
DTXSID6038875,0,train,test,train
DTXSID7023938,0,train,train,train
DTXSID5037494,1,train,train,train
DTXSID5022982,0,train,train,train
DTXSID6021618,0,train,test,test
DTXSID7032551,0,train,train,test
DTXSID7020976,0,train,test,train
DTXSID7041467,0,train,train,train
DTXSID4045767,0,train,train,test
DTXSID3037250,0,train,train,train
DTXSID6026084,0,train,train,train
DTXSID1044809,0,train,train,train
DTXSID5044865,0,train,train,train
DTXSID3044706,0,train,test,train
DTXSID0037495,1,train,test,train
DTXSID7040289,0,train,train,train
DTXSID7045493,0,train,train,train
DTXSID4026139,0,train,train,train
DTXSID3041873,0,train,train,train
DTXSID8024864,0,train,train,train
DTXSID5023742,0,train,test,train
DTXSID9049243,0,train,train,test
DTXSID5034723,0,train,train,train
DTXSID5037498,0,train,train,train
DTXSID1047811,0,train,train,test
DTXSID0039227,0,train,train,train
DTXSID3021192,0,train,train,train
DTXSID7046677,0,train,test,train
DTXSID1026900,0,train,test,test
DTXSID8020915,0,train,test,train
DTXSID9035753,0,train,train,test
DTXSID3020209,0,train,test,train
DTXSID4045345,0,train,train,test
DTXSID1024629,0,train,test,train
DTXSID9046158,0,train,test,test
DTXSID2026602,0,train,train,train
DTXSID7057781,0,train,train,train
DTXSID7024376,0,train,train,train
DTXSID1044647,0,train,train,train
DTXSID0025076,0,train,train,train
DTXSID9029302,0,train,train,test
DTXSID5021752,0,train,train,train
DTXSID6048834,0,train,test,train
DTXSID6042280,0,train,train,test
DTXSID2046468,0,train,test,train
DTXSID1044196,0,train,train,train
DTXSID3022247,0,train,train,train
DTXSID4026212,0,train,train,train
DTXSID1048592,0,train,train,train
DTXSID7041756,0,train,train,train
DTXSID8052308,0,train,train,train
DTXSID1025726,0,train,train,train
DTXSID8032623,0,train,train,test
DTXSID6048965,0,train,train,train
DTXSID6044779,0,train,train,train
DTXSID4026975,0,train,train,train
DTXSID3022877,0,train,train,train
DTXSID8045224,0,train,test,test
DTXSID8044830,0,train,train,train
DTXSID0027197,1,train,train,train
DTXSID7049055,0,train,test,train
DTXSID1041847,0,train,train,train
DTXSID7037262,0,train,train,train
DTXSID8023395,0,train,train,train
DTXSID1026740,0,train,train,train
DTXSID8046400,0,train,train,train
DTXSID8045690,0,train,train,train
DTXSID6020274,0,train,train,train
DTXSID1021114,0,train,train,train
DTXSID4021684,1,train,train,test
DTXSID5041273,0,train,train,train
DTXSID4020373,0,train,train,train
DTXSID9025538,0,train,train,train
DTXSID9057715,0,train,train,train
DTXSID1040326,0,train,train,test
DTXSID0027565,0,train,train,train
DTXSID5021671,0,train,train,test
DTXSID1049221,0,train,train,test
DTXSID8022610,0,train,train,train
DTXSID8046535,0,train,train,train
DTXSID6020802,0,train,test,train
DTXSID7042196,0,train,test,train
DTXSID4046606,0,train,train,test
DTXSID2046127,0,train,train,train
DTXSID9021392,0,train,train,test
DTXSID7046386,0,train,train,train
DTXSID7020972,0,train,train,test
DTXSID2049260,0,train,train,train
DTXSID9040718,0,train,test,train
DTXSID5025659,0,train,train,train
DTXSID6041133,0,train,test,train
DTXSID6024414,0,train,train,train
DTXSID6023864,0,train,train,train
DTXSID0044280,0,train,train,train
DTXSID3044910,0,train,test,test
DTXSID8040222,0,train,test,train
DTXSID8040484,0,train,train,train
DTXSID6026161,0,train,train,train
DTXSID0048846,0,train,train,train
DTXSID2040234,0,train,train,train
DTXSID5021170,0,train,train,train
DTXSID4047206,0,train,train,train
DTXSID6044648,0,train,train,train
DTXSID5045677,0,train,train,train
DTXSID5020784,0,train,train,train
DTXSID1048590,0,train,train,train
DTXSID4047705,0,train,train,train
DTXSID6048175,0,train,train,train
DTXSID3030636,0,train,train,train
DTXSID7021318,0,train,train,train
DTXSID3048655,0,train,train,train
DTXSID1022897,0,train,train,train
DTXSID1027558,0,train,train,train
DTXSID4025111,0,train,test,test
DTXSID4048800,0,train,train,train
DTXSID3041247,0,train,test,train
DTXSID3057690,0,train,test,train
DTXSID6042232,0,train,train,train
DTXSID1026665,0,train,train,train
DTXSID0041357,0,train,train,test
DTXSID4020117,0,train,train,train
DTXSID7045653,0,train,train,test
DTXSID4045341,0,train,test,train
DTXSID5020497,0,train,train,train
DTXSID1047075,0,train,train,train
DTXSID4048983,0,train,train,train
DTXSID5025863,0,train,train,train
DTXSID8057645,1,train,train,train
DTXSID2020557,0,train,train,test
DTXSID8045565,0,train,test,test
DTXSID3052648,0,train,train,train
DTXSID9022603,0,train,train,train
DTXSID5020865,0,train,train,train
DTXSID0042080,0,train,train,test
DTXSID2023569,0,train,train,test
DTXSID8026694,0,train,train,train
DTXSID9023386,0,train,train,train
DTXSID3038725,0,train,train,train
DTXSID4023202,0,train,test,train
DTXSID8045351,0,train,train,train
DTXSID3045776,0,train,train,train
DTXSID4046492,0,train,train,train
DTXSID5045594,0,train,train,test
DTXSID4023460,0,train,test,test
DTXSID6048886,0,train,train,train
DTXSID0047167,0,train,test,train
DTXSID2051716,0,train,test,test
DTXSID6046420,0,train,train,train
DTXSID6041185,0,train,train,train
DTXSID9057842,0,train,train,train
DTXSID7025390,0,train,train,train
DTXSID0020446,0,train,train,train
DTXSID1046974,0,train,train,train
DTXSID7047306,1,train,train,test
DTXSID3020629,0,train,test,train
DTXSID0044993,0,train,train,test
DTXSID1046130,0,train,train,train
DTXSID8021517,0,train,train,test
DTXSID1023158,0,train,train,train
DTXSID0051570,0,train,train,train
DTXSID1020483,0,train,test,train
DTXSID8029315,1,train,test,train
DTXSID3021853,0,train,train,train
DTXSID3057646,0,train,train,test
DTXSID9024934,0,train,train,train
DTXSID4021341,0,train,train,test
DTXSID8046458,0,train,train,train
DTXSID8047551,0,train,train,train
DTXSID5045124,0,train,train,test
DTXSID3042633,0,train,train,train
DTXSID9022601,0,train,train,train
DTXSID3040774,0,train,train,test
DTXSID8024238,0,train,train,test
DTXSID1047574,0,train,train,train
DTXSID0023240,0,train,train,train
DTXSID4026927,0,train,train,train
DTXSID0021888,0,train,test,train
DTXSID0042086,0,train,train,train
DTXSID1042570,0,train,train,train
DTXSID5044994,0,train,train,train
DTXSID0046484,0,train,train,test
DTXSID1021247,0,train,train,train
DTXSID0044731,0,train,test,test
DTXSID0020654,0,train,train,train
DTXSID6023442,0,train,train,test
DTXSID5045960,0,train,train,train
DTXSID5038919,0,train,test,train
DTXSID0044810,1,train,test,train
DTXSID9021188,0,train,train,train
DTXSID2048901,0,train,test,train
DTXSID7020768,0,train,train,train
DTXSID5052250,0,train,train,train
DTXSID8026981,0,train,test,test
DTXSID1027211,0,train,train,test
DTXSID1023603,0,train,test,train
DTXSID8041298,0,train,train,train
DTXSID6022422,0,train,train,train
DTXSID4047129,0,train,train,train
DTXSID7023356,0,train,train,train
DTXSID1044352,0,train,train,test
DTXSID2047723,0,train,train,train
DTXSID5024710,0,train,train,train
DTXSID0022016,0,train,train,train
DTXSID8049337,0,train,test,test
DTXSID7027201,0,train,train,train
DTXSID2023064,0,train,train,test
DTXSID6046260,0,train,train,train
DTXSID2032421,0,train,train,train
DTXSID2026101,0,train,train,train
DTXSID6021668,0,train,train,train
DTXSID0020151,0,train,test,test
DTXSID5025998,1,train,train,train
DTXSID5024970,0,train,train,test
DTXSID0024399,0,train,train,train
DTXSID9020453,0,train,train,train
DTXSID9027312,0,train,train,train
DTXSID7020687,0,train,train,train
DTXSID2034627,0,train,test,train
DTXSID0021757,0,train,train,test
DTXSID7046706,0,train,train,test
DTXSID1044697,0,train,train,test
DTXSID6021402,0,train,train,train
DTXSID0033960,0,train,train,train
DTXSID3042180,0,train,train,train
DTXSID8020838,0,train,train,train
DTXSID1029170,0,train,train,train
DTXSID1042491,0,train,train,train
DTXSID5057622,0,train,train,test
DTXSID9023095,0,train,train,train
DTXSID8048866,0,train,train,train
DTXSID0045206,0,train,train,train
DTXSID8047636,0,train,train,train
DTXSID7048871,0,train,train,test
DTXSID1025857,0,train,train,train
DTXSID8027169,0,train,test,train
DTXSID0048686,0,train,train,train
DTXSID9048190,0,train,train,train
DTXSID2044921,0,train,train,train
DTXSID5027308,0,train,train,train
DTXSID4057712,0,train,train,train
DTXSID9046285,0,train,train,test
DTXSID5046487,0,train,test,test
DTXSID2034625,0,train,train,train
DTXSID7048582,0,train,test,train
DTXSID2037712,0,train,train,train
DTXSID1034634,0,train,test,train
DTXSID1025017,0,train,train,train
DTXSID3044463,0,train,train,train
DTXSID7045316,0,train,train,train
DTXSID3040728,0,train,train,train
DTXSID4023416,0,train,train,test
DTXSID5041514,0,train,train,train
DTXSID3025041,1,train,train,train
DTXSID2034382,0,train,train,train
DTXSID6031380,0,train,train,train
DTXSID7041914,0,train,train,train
DTXSID2045860,0,train,train,train
DTXSID3057802,0,train,train,train
DTXSID6048206,0,train,train,test
DTXSID1020015,0,train,train,test
DTXSID6044357,0,train,train,train
DTXSID6020804,0,train,train,train
DTXSID7025138,0,train,test,train
DTXSID0020656,0,train,train,test
DTXSID2044509,0,train,train,train
DTXSID0048181,0,train,train,train
DTXSID8048812,0,train,train,train
DTXSID0023616,0,train,train,train
DTXSID2049349,0,train,train,train
DTXSID2046412,0,train,test,train
DTXSID4034601,0,train,train,train
DTXSID2022541,0,train,train,train
DTXSID2020347,0,train,train,train
DTXSID3052060,0,train,test,test
DTXSID1026089,0,train,train,train
DTXSID1047360,0,train,train,test
DTXSID0047406,0,train,train,train
DTXSID5022194,0,train,test,train
DTXSID5042584,0,train,test,train
DTXSID3040647,0,train,train,train
DTXSID0021917,0,train,train,train
DTXSID1022055,0,train,train,train
DTXSID6024834,0,train,train,train
DTXSID1047659,0,train,train,train
DTXSID8020256,0,train,test,train
DTXSID8025961,0,train,train,test
DTXSID6045377,0,train,train,train
DTXSID5041306,0,train,train,train
DTXSID7047435,0,train,train,train
DTXSID5026207,0,train,train,test
DTXSID7052602,0,train,train,test
DTXSID6034265,0,train,train,test
DTXSID2026074,0,train,test,train
DTXSID8041248,1,train,train,train
DTXSID1020647,0,train,train,train
DTXSID2022595,0,train,train,train
DTXSID1025809,0,train,train,train
DTXSID3047631,0,train,test,train
DTXSID6049220,0,train,test,train
DTXSID8046161,0,train,train,train
DTXSID5023669,0,train,train,train
DTXSID2021860,0,train,train,train
DTXSID3020257,0,train,train,test
DTXSID3046110,0,train,test,train
DTXSID8021222,0,train,train,train
DTXSID6047602,0,train,train,train
DTXSID9047962,0,train,train,train
DTXSID0044521,0,train,train,test
DTXSID0021759,0,train,test,train
DTXSID4046313,0,train,test,train
DTXSID2020501,0,train,train,train
DTXSID7047776,0,train,train,test
DTXSID1021530,0,train,train,test
DTXSID5042297,0,train,test,train
DTXSID8020626,0,train,train,train
DTXSID4047963,0,train,train,train
DTXSID6044933,0,train,test,train
DTXSID8039241,0,train,test,test
DTXSID3029233,0,train,train,train
DTXSID9044798,0,train,test,train
DTXSID5047663,0,train,test,test
DTXSID2044769,0,train,test,train
DTXSID1020433,0,train,test,train
DTXSID2023222,0,train,train,train
DTXSID6046391,0,train,train,test
DTXSID5052595,0,train,train,train
DTXSID5027148,0,train,test,test
DTXSID5034773,0,train,test,test
DTXSID1045534,0,train,test,train
DTXSID7024538,0,train,train,train
DTXSID9046287,0,train,test,train
DTXSID0045175,0,train,test,train
DTXSID2021367,0,train,train,test
DTXSID9027520,0,train,test,train
DTXSID1026293,0,train,train,train
DTXSID3032751,0,train,train,train
DTXSID5047035,0,train,train,train
DTXSID5048184,0,train,train,train
DTXSID5047328,0,train,train,train
DTXSID0021418,0,train,train,train
DTXSID0048840,0,train,test,train
DTXSID3049413,0,train,train,train
DTXSID5031133,0,train,test,test
DTXSID7044425,0,train,train,test
DTXSID2040652,0,train,train,train
DTXSID6020983,0,train,train,train
DTXSID6027713,0,train,train,train
DTXSID1025722,1,train,train,train
DTXSID8020753,0,train,train,train
DTXSID9048192,0,train,train,train
DTXSID3045304,0,train,train,train
DTXSID3048992,0,train,test,train
DTXSID0021961,0,train,test,train
DTXSID0021389,0,train,test,test
DTXSID3020704,0,train,train,train
DTXSID9044827,0,train,train,train
DTXSID0025604,0,train,train,test
DTXSID1024885,0,train,test,test
DTXSID6040290,0,train,train,train
DTXSID8045307,0,train,train,test
DTXSID8046038,0,train,train,train
DTXSID3025706,0,train,test,test
DTXSID4026713,0,train,train,train
DTXSID9048649,0,train,train,train
DTXSID4044824,0,train,train,train
DTXSID5020079,0,train,train,train
DTXSID0024638,0,train,train,train
DTXSID7025633,0,train,train,train
DTXSID0027143,0,train,train,test
DTXSID5046227,0,train,train,train
DTXSID2047060,0,train,train,train
DTXSID9040760,0,train,train,train
DTXSID1046506,0,train,train,test
DTXSID8024814,0,train,train,train
DTXSID4057764,0,train,train,test
DTXSID2044892,0,train,test,test
DTXSID4044822,0,train,train,train
DTXSID8024941,0,train,test,train
DTXSID5045916,0,train,train,train
DTXSID7046756,0,train,train,test
DTXSID6020303,0,train,train,train
DTXSID0051499,0,train,train,train
DTXSID7041964,0,train,train,train
DTXSID0046270,0,train,train,train
DTXSID1044223,0,train,test,test
DTXSID0048713,0,train,train,train
DTXSID3047132,0,train,train,test
DTXSID9023201,0,train,train,train
DTXSID5020946,0,train,train,train
DTXSID3045857,0,train,train,train
DTXSID6021292,0,train,test,test
DTXSID3044887,0,train,train,train
DTXSID2044680,0,train,train,test
DTXSID4044793,0,train,train,train
DTXSID9040685,0,train,train,train
DTXSID4041529,0,train,train,train
DTXSID0020232,0,train,train,train
DTXSID0047905,0,train,test,train
DTXSID6022002,0,train,train,train
DTXSID5025231,0,train,test,train
DTXSID1022053,0,train,train,train
DTXSID1020807,0,train,train,train
DTXSID1057662,0,train,train,train
DTXSID2023723,0,train,train,train
DTXSID1026879,0,train,train,train
DTXSID4044901,0,train,train,train
DTXSID6022008,0,train,train,test
DTXSID7022590,0,train,train,train
DTXSID0027771,0,train,train,train
DTXSID5027489,0,train,train,train
DTXSID4035209,0,train,test,train
DTXSID0027270,0,train,train,train
DTXSID1047443,0,train,train,train
DTXSID1025724,0,train,train,train
DTXSID9047598,0,train,train,train
DTXSID8057641,0,train,train,test
DTXSID6046345,0,train,train,train
DTXSID8024739,0,train,train,train
DTXSID5027198,0,train,train,train
DTXSID7024667,0,train,test,train
DTXSID3027407,0,train,train,train
DTXSID5044819,0,train,train,train
DTXSID9026718,0,train,train,train
DTXSID5041512,0,train,train,train
DTXSID0044949,0,train,train,test
DTXSID5035163,0,train,train,train
DTXSID3022588,1,train,train,train
DTXSID5037731,0,train,test,train
DTXSID9022948,0,train,train,train
DTXSID6057790,0,train,train,train
DTXSID3042188,0,train,test,train
DTXSID5044782,0,train,train,train
DTXSID8038801,0,train,train,train
DTXSID5027641,0,train,train,train
DTXSID6027509,0,train,test,train
DTXSID6021377,0,train,train,train
DTXSID2033493,0,train,train,test
DTXSID5046512,0,train,train,train
DTXSID0040703,0,train,train,train
DTXSID8025751,0,train,train,train
DTXSID7040990,0,train,train,train
DTXSID7041625,0,train,test,train
DTXSID8032671,0,train,train,train
DTXSID8023050,0,train,train,train
DTXSID1057824,0,train,test,test
DTXSID3027320,0,train,train,train
DTXSID8040694,0,train,train,train
DTXSID4024272,0,train,train,train
DTXSID2044765,0,train,test,train
DTXSID9036690,0,train,train,test
DTXSID0034722,0,train,train,train
DTXSID7032559,0,train,test,train
DTXSID3040720,0,train,train,test
DTXSID3021304,0,train,test,train
DTXSID0046016,0,train,train,train
DTXSID3057696,0,train,test,train
DTXSID6022842,0,train,test,train
DTXSID7047196,0,train,train,test
DTXSID0034518,0,train,train,train
DTXSID7025972,0,train,train,train
DTXSID0044868,0,train,test,train
DTXSID7045578,0,train,test,train
DTXSID1021823,0,train,test,train
DTXSID7044718,0,train,train,test
DTXSID8044622,0,train,test,train
DTXSID3038939,0,train,train,train
DTXSID1021162,0,train,train,train
DTXSID3057648,0,train,train,test
DTXSID5048893,0,train,test,train
DTXSID2044638,0,train,train,test
DTXSID4052502,0,train,train,train
DTXSID0026549,0,train,train,train
DTXSID3045695,0,train,train,train
DTXSID6049226,0,train,test,train
DTXSID0046989,0,train,train,train
DTXSID5044576,0,train,train,train
DTXSID7025423,0,train,test,train
DTXSID5046140,0,train,train,train
DTXSID4025086,0,train,train,train
DTXSID4057687,0,train,train,train
DTXSID2021575,0,train,train,train
DTXSID1049067,0,train,train,train
DTXSID1032513,0,train,train,train
DTXSID6022187,0,train,train,train
DTXSID3025839,0,train,train,train
DTXSID7022049,0,train,train,train
DTXSID0047454,1,train,train,train
DTXSID0042084,0,train,train,test
DTXSID8021729,0,train,train,test
DTXSID8027822,0,train,test,train
DTXSID6047105,0,train,train,train
DTXSID4023177,1,train,train,train
DTXSID7024409,0,train,train,train
DTXSID2020424,0,train,train,train
DTXSID4048777,0,train,test,train
DTXSID8021804,0,train,train,train
DTXSID5046015,0,train,test,train
DTXSID9027281,0,train,train,train
DTXSID8035423,0,train,train,test
DTXSID2047270,0,train,test,train
DTXSID9025112,0,train,train,test
DTXSID5025102,0,train,train,train
DTXSID0037570,1,train,test,test
DTXSID4020587,0,train,train,train
DTXSID7035305,1,train,train,train
DTXSID3047716,0,train,train,test
DTXSID9023380,0,train,train,train
DTXSID9057846,0,train,train,test
DTXSID0021599,0,train,train,train
DTXSID8057772,0,train,train,train
DTXSID6022218,0,train,train,test
DTXSID6020014,0,train,train,train
DTXSID5020653,0,train,train,test
DTXSID7047358,0,train,train,train
DTXSID9032537,0,train,train,train
DTXSID7026605,0,train,train,train
DTXSID7022170,0,train,train,train
DTXSID6044696,0,train,train,train
DTXSID8048606,0,train,train,test
DTXSID6048202,0,train,train,test
DTXSID1037511,0,train,train,train
DTXSID3038771,1,train,train,train
DTXSID9037749,0,train,test,train
DTXSID3047552,0,train,train,train
DTXSID3036286,0,train,test,test
DTXSID0043848,0,train,test,train
DTXSID8044919,0,train,train,test
DTXSID4047046,0,train,train,train
DTXSID8046294,0,train,train,test
DTXSID4041070,0,train,train,test
DTXSID4037584,0,train,train,train
DTXSID9032375,0,train,train,train
DTXSID7045946,0,train,train,train
DTXSID9021762,0,train,test,train
DTXSID5048928,0,train,train,train
DTXSID1045081,0,train,train,train
DTXSID1057791,0,train,train,train
DTXSID8029600,0,train,train,train
DTXSID4020248,0,train,train,train
DTXSID8023890,0,train,train,train
DTXSID5047085,0,train,train,train
DTXSID7030432,0,train,test,train
DTXSID4021715,0,train,test,train
DTXSID9039232,0,train,test,train
DTXSID4045680,0,train,train,test
DTXSID9048801,0,train,test,train
DTXSID1052298,0,train,train,train
DTXSID7026528,0,train,train,train
DTXSID1021744,0,train,test,train
DTXSID2044973,0,train,train,train
DTXSID1047156,0,train,train,train
DTXSID5044443,0,train,train,train
DTXSID2020216,1,train,train,train
DTXSID1021089,0,train,train,train
DTXSID3045196,0,train,test,train
DTXSID0020157,0,train,train,train
DTXSID1027899,0,train,train,train
DTXSID2032552,0,train,train,test
DTXSID2042220,0,train,train,train
DTXSID1045742,0,train,train,train
DTXSID4020616,0,train,train,train
DTXSID4027319,0,train,train,train
DTXSID2041460,1,train,train,test
DTXSID0020076,0,train,train,train
DTXSID0047539,0,train,train,train
DTXSID8032673,0,train,train,test
DTXSID7020716,0,train,train,train
DTXSID9032589,0,train,train,test
DTXSID8043941,0,train,test,train
DTXSID7044714,0,train,train,train
DTXSID0024977,0,train,test,train
DTXSID8024781,0,train,train,train
DTXSID9020089,0,train,test,train
DTXSID0021963,0,train,train,train
DTXSID2047351,0,train,train,train
DTXSID4024775,0,train,train,train
DTXSID4047545,1,train,train,train
DTXSID8020206,0,train,train,train
DTXSID4023678,0,train,test,train
DTXSID4039657,0,train,train,train
DTXSID5045419,0,train,train,train
DTXSID8021775,0,train,train,train
DTXSID1047815,0,train,train,train
DTXSID5027358,0,train,test,train
DTXSID1049302,0,train,test,train
DTXSID5045887,0,train,train,train
DTXSID9025617,0,train,train,train
DTXSID2021234,0,train,test,train
DTXSID7023190,0,train,train,train
DTXSID2048957,0,train,test,train
DTXSID9029649,0,train,train,train
DTXSID9047178,0,train,train,train
DTXSID5023293,0,train,test,train
DTXSID1044560,0,train,train,test
DTXSID0022301,0,train,test,train
DTXSID7047190,0,train,train,test
DTXSID0041197,0,train,train,train
DTXSID2048820,0,train,train,train
DTXSID9042592,0,train,train,train
DTXSID6044858,0,train,train,train
DTXSID0022220,0,train,train,train
DTXSID0026547,0,train,train,test
DTXSID4021977,0,train,train,train
DTXSID0029187,0,train,train,train
DTXSID7047146,0,train,train,train
DTXSID7046623,0,train,train,train
DTXSID7025051,0,train,train,train
DTXSID2027206,0,train,train,train
DTXSID5049239,0,train,train,train
DTXSID4021638,0,train,train,train
DTXSID5024639,0,train,train,train
DTXSID4047969,1,train,train,train
DTXSID5026203,0,train,train,train
DTXSID7023932,0,train,train,train
DTXSID1022130,0,train,train,test
DTXSID1021904,0,train,train,train
DTXSID9047673,0,train,train,test
DTXSID4038899,1,train,test,train
DTXSID6047284,0,train,train,train
DTXSID4045139,0,train,train,train
DTXSID6020438,0,train,train,test
DTXSID0038887,0,train,train,train
DTXSID9048809,0,train,train,train
DTXSID6046343,0,train,train,train
DTXSID3020960,0,train,train,train
DTXSID1046689,0,train,test,train
DTXSID7057654,0,train,train,train
DTXSID7040736,0,train,train,train
DTXSID3023051,0,train,train,train
DTXSID6024254,0,train,train,train
DTXSID7049211,0,train,train,train
DTXSID9051907,0,train,train,test
DTXSID5037236,0,train,train,train
DTXSID2027096,0,train,train,train
DTXSID3052228,0,train,train,train
DTXSID7047801,0,train,train,train
DTXSID2022888,0,train,test,test
DTXSID2025478,0,train,train,test
DTXSID3029869,0,train,test,train
DTXSID0027773,0,train,train,train
DTXSID1045794,0,train,train,train
DTXSID0023373,0,train,test,train
DTXSID3040801,0,train,train,train
DTXSID0044494,0,train,train,test
DTXSID3023269,0,train,train,test
DTXSID2024452,0,train,test,train
DTXSID9024980,0,train,test,train
DTXSID8045939,0,train,train,train
DTXSID3044889,0,train,test,train
DTXSID3021223,0,train,test,train
DTXSID6057796,0,train,train,train
DTXSID8049412,0,train,train,train
DTXSID2045448,0,train,test,train
DTXSID1023239,0,train,train,train
DTXSID7029110,0,train,train,train
DTXSID6024597,0,train,train,train
DTXSID3040770,0,train,train,train
DTXSID2047511,0,train,test,train
DTXSID8044206,0,train,train,train
DTXSID1026615,0,train,train,train
DTXSID9047417,0,train,test,test
DTXSID0020733,0,train,train,train
DTXSID5021415,0,train,test,test
DTXSID0034695,0,train,train,test
DTXSID0022519,0,train,train,train
DTXSID7026609,0,train,train,train
DTXSID1044356,0,train,train,train
DTXSID2027416,0,train,train,train
DTXSID4040711,1,train,train,train
DTXSID1032484,0,train,train,train
DTXSID5041356,0,train,train,test
DTXSID1020562,0,train,train,train
DTXSID7024166,0,train,train,train
DTXSID2041672,0,train,test,train
DTXSID2020426,0,train,train,train
DTXSID1027714,0,train,train,test
DTXSID0045888,0,train,train,train
DTXSID5027019,0,train,train,train
DTXSID5046229,0,train,train,test
DTXSID1037567,0,train,train,train
DTXSID2047278,0,train,train,train
DTXSID9045506,0,train,train,train
DTXSID9044374,0,train,train,train
DTXSID1025437,0,train,train,train
DTXSID3021643,0,train,train,train
DTXSID3027950,0,train,train,test
DTXSID8041668,0,train,test,train
DTXSID3032832,1,train,test,train
DTXSID8024105,0,train,test,train
DTXSID0041224,1,train,train,train
DTXSID3044966,0,train,train,train
DTXSID8046539,0,train,train,train
DTXSID6023656,0,train,train,train
DTXSID8021062,0,train,train,test
DTXSID4029359,0,train,train,train
DTXSID3022582,0,train,train,train
DTXSID8045854,0,train,train,train
DTXSID3032620,0,train,train,train
DTXSID2023010,0,train,train,train
DTXSID6029670,0,train,train,train
DTXSID4020167,0,train,train,test
DTXSID3041328,0,train,train,train
DTXSID0057754,0,train,test,test
DTXSID5047081,0,train,train,test
DTXSID6057669,0,train,train,train
DTXSID8023349,0,train,train,train
DTXSID1025774,0,train,train,train
DTXSID9043938,0,train,train,train
DTXSID1042154,0,train,train,train
DTXSID1045792,0,train,train,test
DTXSID8023476,0,train,train,train
DTXSID0027852,0,train,train,test
DTXSID1023283,0,train,test,train
DTXSID6044983,0,train,test,test
DTXSID0022353,0,train,test,train
DTXSID7046417,0,train,train,train
DTXSID6044565,0,train,train,train
DTXSID4041361,0,train,train,test
DTXSID3045140,0,train,train,train
DTXSID4048852,0,train,train,train
DTXSID5040702,0,train,train,train
DTXSID2034968,0,train,train,test
DTXSID2032344,0,train,train,train
DTXSID8020175,0,train,train,train
DTXSID1022978,0,train,test,train
DTXSID5020281,0,train,train,train
DTXSID4047094,0,train,train,train
DTXSID5046560,0,train,train,train
DTXSID0041484,0,train,train,train
DTXSID3028005,0,train,test,train
DTXSID9020615,0,train,train,train
DTXSID6027975,0,train,test,train
DTXSID7025427,0,train,train,train
DTXSID7024661,0,train,train,train
DTXSID6040371,0,train,train,train
DTXSID4057841,0,train,test,train
DTXSID2023353,0,train,train,train
DTXSID4048193,0,train,train,train
DTXSID3025170,0,train,train,train
DTXSID0048632,0,train,train,train
DTXSID0026208,0,train,train,train
DTXSID6042448,0,train,train,test
DTXSID5032573,0,train,train,train
DTXSID5049287,0,train,train,train
DTXSID9047124,0,train,train,train
DTXSID6032562,0,train,train,test
DTXSID0021123,1,train,train,train
DTXSID8041793,0,train,train,train
DTXSID7025055,0,train,train,train
DTXSID5025609,1,train,train,train
DTXSID8044886,0,train,test,train
DTXSID7048661,0,train,test,train
DTXSID7044899,0,train,train,train
DTXSID3049203,0,train,test,test
DTXSID5044574,0,train,test,train
DTXSID6046715,0,train,test,train
DTXSID7045815,0,train,train,train
DTXSID8041452,0,train,train,train
DTXSID3057644,0,train,test,train
DTXSID3049380,0,train,train,train
DTXSID1045530,0,train,train,train
DTXSID1046714,0,train,train,train
DTXSID8021808,0,train,test,train
DTXSID8020674,0,train,train,train
DTXSID4040264,0,train,train,test
DTXSID3046823,0,train,train,test
DTXSID9045429,0,train,train,train
DTXSID8024234,0,train,train,train
DTXSID6021450,0,train,train,test
DTXSID7021158,0,train,train,train
DTXSID3031860,0,train,train,train
DTXSID5020443,0,train,train,test
DTXSID1057745,0,train,test,train
DTXSID2042191,1,train,train,train
DTXSID2027593,0,train,train,train
DTXSID5024926,0,train,test,train
DTXSID2020058,0,train,train,train
DTXSID9020667,0,train,train,train
DTXSID1024598,0,train,test,train
DTXSID9040265,0,train,train,train
DTXSID5046279,0,train,train,train
DTXSID8042210,0,train,train,train
DTXSID0026967,0,train,train,test
DTXSID0024896,0,train,train,train
DTXSID2046599,0,train,train,train
DTXSID8027321,0,train,train,train
DTXSID0047296,0,train,train,test
DTXSID8022741,0,train,test,train
DTXSID1051690,0,train,train,train
DTXSID5048685,0,train,train,train
DTXSID8044591,0,train,train,train
DTXSID5026091,0,train,train,train
DTXSID1047817,0,train,train,test
DTXSID0047822,0,train,train,train
DTXSID5051525,0,train,test,train
DTXSID2044898,0,train,train,train
DTXSID3038696,0,train,train,test
DTXSID8034956,0,train,train,train
DTXSID8047426,0,train,test,train
DTXSID9046861,0,train,train,train
DTXSID9020584,0,train,test,train
DTXSID9027653,0,train,train,train
DTXSID3022370,0,train,train,test
DTXSID7023724,0,train,test,train
DTXSID3057856,0,train,train,train
DTXSID7025394,0,train,train,train
DTXSID2057813,0,train,train,train
DTXSID2022886,0,train,train,train
DTXSID2025763,0,train,train,train
DTXSID3029572,0,train,train,train
DTXSID5047661,0,train,test,train
DTXSID6048674,0,train,test,train
DTXSID6044690,0,train,train,train
DTXSID7020764,0,train,train,train
DTXSID7040287,0,train,train,train
DTXSID7032474,0,train,test,train
DTXSID3047760,0,train,train,train
DTXSID1047152,0,train,train,test
DTXSID0045626,0,train,train,train
DTXSID6042157,0,train,train,train
DTXSID8025595,0,train,train,test
DTXSID9021134,0,train,train,test
DTXSID9024065,0,train,train,train
DTXSID4045632,0,train,test,train
DTXSID3044338,0,train,train,test
DTXSID1027429,0,train,test,train
DTXSID4026505,0,train,train,train
DTXSID9021059,0,train,train,train
DTXSID6047159,0,train,train,test
DTXSID4024484,0,train,train,train
DTXSID2022123,0,train,train,test
DTXSID1034210,0,train,train,train
DTXSID2021943,0,train,train,train
DTXSID1025770,0,train,train,train
DTXSID6041472,0,train,train,train
DTXSID2034338,0,train,train,train
DTXSID7044768,0,train,train,train
DTXSID9024691,0,train,train,test
DTXSID9045845,0,train,train,train
DTXSID0051863,0,train,train,test
DTXSID9032379,1,train,train,train
DTXSID0044812,0,train,train,train
DTXSID3057698,0,train,train,train
DTXSID5049318,0,train,test,train
DTXSID5020314,0,train,train,train
DTXSID6025696,0,train,train,test
DTXSID6034186,0,train,test,test
DTXSID7049427,0,train,train,train
DTXSID8020834,0,train,train,test
DTXSID5024687,0,train,train,train
DTXSID6040373,0,train,train,train
DTXSID5047322,0,train,test,train
DTXSID9057844,0,train,train,train
DTXSID1048627,0,train,train,train
DTXSID1029203,0,train,train,train
DTXSID2029169,0,train,test,test
DTXSID1024128,0,train,train,train
DTXSID8041246,1,train,test,train
DTXSID9022310,0,train,train,test
DTXSID4041812,0,train,train,train
DTXSID9020902,0,train,test,test
DTXSID7049340,0,train,test,train
DTXSID2043874,0,train,train,train
DTXSID8046662,0,train,test,train
DTXSID6042151,0,train,train,train
DTXSID5057838,0,train,train,test
DTXSID2047773,0,train,train,train
DTXSID0025812,0,train,train,train
DTXSID4046440,0,train,train,train
DTXSID2021602,0,train,train,train
DTXSID9027522,0,train,train,train
DTXSID7041461,0,train,test,train
DTXSID7045522,1,train,test,train
DTXSID0047244,0,train,train,train
DTXSID3047504,0,train,train,train
DTXSID5023081,0,train,test,test
DTXSID4021973,0,train,train,train
DTXSID1057822,0,train,train,train
DTXSID4024066,0,train,train,train
DTXSID0044733,0,train,train,test
DTXSID3057694,0,train,train,train
DTXSID5025150,0,train,train,train
DTXSID2021288,0,train,train,test
DTXSID6045296,0,train,test,train
DTXSID5048182,0,train,train,train
DTXSID6032647,0,train,train,train
DTXSID5021598,0,train,test,train
DTXSID7042437,0,train,train,train
DTXSID1046681,0,train,train,train
DTXSID4027608,0,train,train,train
DTXSID3020128,0,train,train,train
DTXSID3023132,0,train,test,train
DTXSID6040664,0,train,train,train
DTXSID1048176,0,train,train,test
DTXSID7038864,1,train,train,train
DTXSID9026130,0,train,test,train
DTXSID4020242,0,train,train,train
DTXSID5046277,0,train,train,train
DTXSID3022798,0,train,train,train
DTXSID8020541,0,train,test,train
DTXSID7025764,0,train,test,test
DTXSID3020093,0,train,train,train
DTXSID1042077,0,train,train,train
DTXSID8049331,0,train,test,train
DTXSID7020893,1,train,test,train
DTXSID4020450,0,train,train,train
DTXSID2020844,0,train,train,test
DTXSID9047675,0,train,train,train
DTXSID1021328,0,train,test,train
DTXSID7023691,0,train,train,test
DTXSID3032464,0,train,train,train
DTXSID0020577,0,train,train,train
DTXSID8047684,0,train,train,train
DTXSID8045486,0,train,test,test
DTXSID9046108,0,train,train,train
DTXSID4039235,0,train,train,train
DTXSID7029247,0,train,train,test
DTXSID9044950,0,train,train,train
DTXSID0046274,0,train,test,train
DTXSID4021006,0,train,train,train
DTXSID9024015,0,train,train,train
DTXSID6044226,0,train,train,train
DTXSID7048873,0,train,test,train
DTXSID3034664,0,train,train,test
DTXSID2047806,0,train,test,train
DTXSID9024487,0,train,train,test
DTXSID4042090,0,train,train,train
DTXSID6044771,0,train,train,train
DTXSID4044618,0,train,train,train
DTXSID8044915,0,train,train,test
DTXSID6022391,0,train,train,train
DTXSID0025367,0,train,train,train
DTXSID2025183,0,train,train,test
DTXSID9051662,0,train,train,train
DTXSID8034580,0,train,train,train
DTXSID2029298,0,train,train,train
DTXSID4046579,0,train,train,train
DTXSID6027507,0,train,train,train
DTXSID9057767,0,train,train,train
DTXSID3045645,0,train,test,train
DTXSID3041451,0,train,train,train
DTXSID8047973,0,train,train,train
DTXSID4048511,0,train,train,train
DTXSID9047041,0,train,train,test
DTXSID1021740,0,train,train,train
DTXSID9020031,0,train,train,train
DTXSID4041818,0,train,test,train
DTXSID2026997,0,train,test,train
DTXSID7024160,0,train,train,test
DTXSID0024505,0,train,train,train
DTXSID5044364,0,train,train,test
DTXSID5020528,0,train,test,train
DTXSID0037734,0,train,train,train
DTXSID5047249,0,train,test,test
DTXSID6036467,1,train,train,train
DTXSID6021294,0,train,train,train
DTXSID6041973,0,train,test,train
DTXSID4020826,0,train,train,train
DTXSID7046207,0,train,train,test
DTXSID2034673,1,train,train,train
DTXSID4047254,0,train,train,train
DTXSID2043903,0,train,train,train
DTXSID2040363,0,train,train,train
DTXSID5022061,0,train,train,train
DTXSID2027412,0,train,train,train
DTXSID9023411,0,train,train,train
DTXSID1040619,1,train,test,train
DTXSID3047001,1,train,train,train
DTXSID6048967,0,train,train,train
DTXSID8021309,0,train,train,train
DTXSID3021803,0,train,train,test
DTXSID8041404,0,train,train,train
DTXSID6034972,0,train,train,train
DTXSID8046799,0,train,train,train
DTXSID5032600,1,train,train,train
DTXSID5047405,0,train,train,test
DTXSID4047961,0,train,train,train
DTXSID6032516,0,train,train,train
DTXSID9046786,0,train,test,train
DTXSID0046066,0,train,train,train
DTXSID8020628,0,train,train,test
DTXSID6049278,0,train,test,test
DTXSID2021866,0,train,train,test
DTXSID4045420,0,train,train,test
DTXSID6021165,0,train,train,test
DTXSID9020374,0,train,train,test
DTXSID7034624,0,train,train,train
DTXSID6025690,1,train,test,train
DTXSID4026266,0,train,train,test
DTXSID7041253,0,train,train,train
DTXSID7047437,0,train,train,test
DTXSID9041362,0,train,train,test
DTXSID6045874,0,train,train,train
DTXSID8022377,0,train,test,train
DTXSID1046427,0,train,train,test
DTXSID8045985,0,train,train,train
DTXSID5057707,0,train,train,train
DTXSID0024507,0,train,train,train
DTXSID7024952,0,train,train,train
DTXSID5041148,0,train,train,train
DTXSID9023756,0,train,train,train
DTXSID7046332,0,train,test,train
DTXSID1021873,0,train,train,train
DTXSID5048978,0,train,test,train
DTXSID8044963,0,train,train,train
DTXSID5057834,0,train,train,train
DTXSID0047111,0,train,test,train
DTXSID0020604,0,train,train,train
DTXSID4040767,0,train,train,train
DTXSID8021359,0,train,train,train
DTXSID3045221,0,train,test,train
DTXSID4026557,0,train,train,train
DTXSID8023426,0,train,train,test
DTXSID8042478,0,train,train,train
DTXSID0048636,0,train,train,train
DTXSID5047297,0,train,test,train
DTXSID5045461,0,train,train,train
DTXSID4045472,0,train,train,train
DTXSID7023697,0,train,train,train
DTXSID6040662,0,train,test,train
DTXSID2048167,0,train,train,train
DTXSID7022128,0,train,train,train
DTXSID2025840,0,train,train,train
DTXSID3025671,0,train,test,train
DTXSID8021488,0,train,test,train
DTXSID8047264,0,train,test,train
DTXSID2033736,0,train,train,train
DTXSID0044737,0,train,train,train
DTXSID7021780,0,train,train,test
DTXSID6022977,0,train,train,train
DTXSID5048922,0,train,train,train
DTXSID3032622,0,train,train,train
DTXSID8035186,0,train,train,train
DTXSID0022808,0,train,train,train
DTXSID5047538,0,train,test,train
DTXSID0020286,0,train,train,train
DTXSID1047528,0,train,train,train
DTXSID3021483,0,train,train,train
DTXSID5027512,0,train,train,train
DTXSID5046190,0,train,train,train
DTXSID1047946,0,train,train,test
DTXSID9048938,0,train,train,test
DTXSID7040152,0,train,test,test
DTXSID4047670,0,train,train,train
DTXSID3057642,0,train,train,train
DTXSID1047316,0,train,train,train
DTXSID9044790,0,train,train,train
DTXSID4020406,0,train,train,train
DTXSID6024175,0,train,train,train
DTXSID7022914,0,train,test,train
DTXSID0047248,0,train,train,test
DTXSID6040668,0,train,train,test
DTXSID1032642,0,train,train,train
DTXSID7025479,0,train,train,test
DTXSID5023794,0,train,train,test
DTXSID8021854,0,train,train,test
DTXSID7047356,1,train,train,train
DTXSID9025328,0,train,test,train
DTXSID1027635,0,train,test,train
DTXSID1047601,0,train,train,train
DTXSID3044461,1,train,train,train
DTXSID5023871,0,train,train,test
DTXSID9046071,0,train,train,train
DTXSID8021515,0,train,train,train
DTXSID8024866,1,train,train,test
DTXSID7041047,0,train,train,train
DTXSID9020160,0,train,train,train
DTXSID2025006,0,train,test,train
DTXSID8041032,0,train,train,train
DTXSID6045161,0,train,train,train
DTXSID5025738,0,train,train,train
DTXSID6020696,0,train,train,test
DTXSID8047927,0,train,test,train
DTXSID2045107,0,train,train,train
DTXSID2027098,0,train,train,train
DTXSID1022508,0,train,train,train
DTXSID0044787,0,train,train,test
DTXSID8024999,0,train,train,train
DTXSID8027246,0,train,train,train
DTXSID5044784,0,train,test,train
DTXSID3022950,0,train,train,train
DTXSID1020221,0,train,train,train
DTXSID6045901,0,train,test,train
DTXSID8042349,0,train,train,test
DTXSID0021836,0,train,train,train
DTXSID1020566,0,train,train,train
DTXSID0025234,0,train,train,train
DTXSID8026145,0,train,test,train
DTXSID8024159,0,train,train,test
DTXSID1022718,0,train,train,test
DTXSID2047062,0,train,train,train
DTXSID7024291,0,train,train,train
DTXSID6046181,0,train,train,train
DTXSID0047951,0,train,train,train
DTXSID6024836,0,train,test,train
DTXSID9040635,0,train,train,train
DTXSID7048794,0,train,train,test
DTXSID1027390,1,train,test,train
DTXSID6046426,0,train,test,test
DTXSID6044644,0,train,train,test
DTXSID0045389,0,train,test,train
DTXSID5021910,0,train,train,train
DTXSID0042038,0,train,test,train
DTXSID3032389,0,train,train,test
DTXSID8020830,0,train,test,train
DTXSID8023971,0,train,train,test
DTXSID6047789,0,train,train,train
DTXSID3021807,0,train,train,train
DTXSID1040792,0,train,train,test
DTXSID6027052,0,train,train,train
DTXSID1044980,0,train,train,train
DTXSID7026156,0,train,train,test
DTXSID4057683,0,train,train,train
DTXSID7057652,0,train,train,test
DTXSID9045215,0,train,train,train
DTXSID3023059,0,train,train,train
DTXSID1041217,0,train,train,train
DTXSID6046925,0,train,train,train
DTXSID5044817,0,train,train,train
DTXSID7021653,1,train,train,train
DTXSID6023286,0,train,train,train
DTXSID2023727,0,train,test,train
DTXSID7025217,0,train,train,train
DTXSID9049245,0,train,train,train
DTXSID3046619,0,train,test,train
DTXSID6024177,0,train,train,test
DTXSID0022014,0,train,train,train
DTXSID8047399,0,train,train,train
DTXSID0044369,0,train,train,train
DTXSID1057660,0,train,test,test
DTXSID9022944,0,train,train,train
DTXSID1041897,0,train,train,train
DTXSID2021442,0,train,train,train
DTXSID1038795,0,train,train,test
DTXSID2045153,0,train,train,train
DTXSID9041528,1,train,train,train
DTXSID2040735,0,train,train,train
DTXSID5045417,0,train,train,train
DTXSID1023021,0,train,train,train
DTXSID9047419,0,train,test,test
DTXSID1026792,0,train,train,train
DTXSID4044872,0,train,test,train
DTXSID5057753,0,train,train,train
DTXSID3044960,0,train,train,train
DTXSID8024280,0,train,test,train
DTXSID2023309,0,train,train,train
DTXSID0020280,0,train,train,train
DTXSID6020690,0,train,test,train
DTXSID3049049,0,train,test,train
DTXSID6057613,0,train,train,train
DTXSID2045781,0,train,train,train
DTXSID4045474,0,train,train,train
DTXSID3046740,0,train,train,train
DTXSID5044605,0,train,test,train
DTXSID3057800,0,train,train,test
DTXSID8047349,0,train,test,test
DTXSID8029282,0,train,train,train
DTXSID1046922,0,train,train,test
DTXSID0024979,0,train,train,train
DTXSID0037231,0,train,train,train
DTXSID8034376,0,train,train,test
DTXSID0046147,0,train,train,train
DTXSID1026619,0,train,test,train
DTXSID9045394,0,train,train,train
DTXSID6041424,0,train,train,test
DTXSID6021458,0,train,test,train
DTXSID3042215,0,train,train,test
DTXSID5021332,0,train,train,test
DTXSID3022667,0,train,train,test
DTXSID5057703,0,train,train,train
DTXSID6024624,0,train,train,test
DTXSID9045003,0,train,train,train
DTXSID1026118,0,train,train,train
DTXSID1023314,0,train,train,train
DTXSID0044107,0,train,train,train
DTXSID8027086,0,train,train,train
DTXSID0029559,0,train,train,train
DTXSID2023771,0,train,train,train
DTXSID5024976,0,train,train,train
DTXSID0057758,0,train,train,train
DTXSID8021519,0,train,train,train
DTXSID8020252,0,train,train,train
DTXSID6043709,0,train,train,train
DTXSID4051536,0,train,train,test
DTXSID7029162,0,train,train,train
DTXSID7027625,0,train,train,test
DTXSID7025053,0,train,train,test
DTXSID4026979,0,train,test,train
DTXSID5039721,0,train,train,test
DTXSID5027803,0,train,train,train
DTXSID6023369,0,train,train,train
DTXSID0044860,0,train,train,train
DTXSID8047929,0,train,train,train
DTXSID2046628,0,train,train,train
DTXSID6042602,0,train,train,train
DTXSID0047084,0,train,train,train
DTXSID0020369,0,train,train,test
DTXSID6022050,0,train,train,train
DTXSID5023114,0,train,train,test
DTXSID5033757,0,train,train,train
DTXSID9032113,0,train,train,test
DTXSID0032520,0,train,train,test
DTXSID3044881,0,train,train,train
DTXSID4020375,0,train,train,train
DTXSID4047412,0,train,train,test
DTXSID1020358,0,train,train,test
DTXSID6044721,0,train,train,train
DTXSID7046384,0,train,train,test
DTXSID1021241,0,train,train,train
DTXSID2020391,0,train,test,train
DTXSID9042097,0,train,train,train
DTXSID8045220,0,train,test,train
DTXSID2044840,0,train,train,train
DTXSID8022113,0,train,train,test
DTXSID1020308,0,train,train,train
DTXSID7057731,0,train,train,test
DTXSID5031131,0,train,test,train
DTXSID0020155,0,train,train,test
DTXSID2047064,0,train,train,train
DTXSID1044489,0,train,test,train
DTXSID5052672,0,train,train,train
DTXSID1021879,0,train,train,train
DTXSID8052641,0,train,train,train
DTXSID0023901,0,train,train,train
DTXSID0042406,0,train,train,train
DTXSID5025285,0,train,train,train
DTXSID7023510,0,train,test,train
DTXSID3022162,0,train,train,test
DTXSID0034223,0,train,train,train
DTXSID8042218,0,train,train,test
DTXSID7026811,0,train,train,train
DTXSID1046423,0,train,train,train
DTXSID1025306,0,train,train,test
DTXSID1022683,0,train,train,test
DTXSID5041560,0,train,train,train
DTXSID2057819,0,train,test,train
DTXSID1046768,0,train,train,train
DTXSID0023038,0,train,train,train
DTXSID0029260,0,train,test,train
DTXSID1046847,0,train,train,train
DTXSID4020161,0,train,train,test
DTXSID0029133,0,train,train,train
DTXSID8041373,0,train,train,train
DTXSID0027806,0,train,train,test
DTXSID2044719,0,train,train,train
DTXSID5033674,0,train,train,train
DTXSID3027295,0,train,train,train
DTXSID2048666,0,train,train,train
DTXSID0047872,0,train,train,train
DTXSID9024770,0,train,test,train
DTXSID2021492,0,train,train,train
DTXSID2021816,0,train,train,train
DTXSID4044404,0,train,train,train
DTXSID3025465,0,train,train,train
DTXSID2042145,0,train,train,train
DTXSID8045648,0,train,train,train
DTXSID1041502,0,train,train,train
DTXSID9044742,0,train,train,train
DTXSID5026251,0,train,test,train
DTXSID2044844,0,train,train,train
DTXSID8023977,0,train,train,test
DTXSID6041892,0,train,train,test
DTXSID7041910,0,train,train,train
DTXSID3021805,0,train,train,train
DTXSID1040245,0,train,test,test
DTXSID3022663,0,train,train,test
DTXSID8046113,0,train,train,train
DTXSID8023630,0,train,train,train
DTXSID5024554,0,train,train,train
DTXSID7022837,0,train,test,train
DTXSID3021431,0,train,train,train
DTXSID9021633,0,train,train,train
DTXSID5048421,0,train,train,test
DTXSID0049311,0,train,train,train
DTXSID0025527,0,train,train,train
DTXSID9041815,0,train,train,train
DTXSID5020447,0,train,test,train
DTXSID7027966,0,train,train,train
DTXSID2057651,0,train,test,train
DTXSID6025309,0,train,test,train
DTXSID8041951,0,train,train,train
DTXSID3020621,0,train,test,train
DTXSID4040476,0,train,train,train
DTXSID1044439,0,train,train,train
DTXSID6048676,0,train,train,train
DTXSID7031294,0,train,train,train
DTXSID1044564,0,train,train,train
DTXSID8027167,0,train,train,test
DTXSID0021709,0,train,train,train
DTXSID2057653,0,train,train,test
DTXSID5027728,0,train,train,train
DTXSID6047523,0,train,train,test
DTXSID0027432,0,train,train,train
DTXSID2028010,0,train,train,train
DTXSID7023227,0,train,train,train
DTXSID9032610,0,train,train,train
DTXSID3040722,0,train,train,train
DTXSID5021419,0,train,train,train
DTXSID7041097,1,train,train,train
DTXSID8057851,0,train,test,test
DTXSID6034928,0,train,test,test
DTXSID0047587,0,train,train,train
DTXSID8026775,0,train,train,train
DTXSID4041446,0,train,train,train
DTXSID2046543,0,train,train,test
DTXSID2027414,0,train,train,train
DTXSID2022125,0,train,test,test
DTXSID7023192,0,train,train,test
DTXSID6025438,0,train,test,train
DTXSID4025745,0,train,train,train
DTXSID1025851,0,train,train,train
DTXSID8048781,0,train,train,train
DTXSID0026880,0,train,train,train
DTXSID9037038,0,train,train,train
DTXSID2023068,0,train,train,train
DTXSID8047686,0,train,train,train
DTXSID1057610,0,train,train,train
DTXSID4057710,0,train,train,train
DTXSID2025557,0,train,test,train
DTXSID6027503,0,train,train,train
DTXSID8022959,0,train,test,train
DTXSID1022396,0,train,train,train
DTXSID7020007,0,train,train,train
DTXSID5020491,0,train,train,train
DTXSID0045709,0,train,train,test
DTXSID3024289,0,train,test,train
DTXSID4027026,0,train,train,train
DTXSID3021851,0,train,train,train
DTXSID7041916,0,train,train,train
DTXSID7024455,1,train,train,train
DTXSID9051618,0,train,train,train
DTXSID9025297,0,train,train,train
DTXSID1044853,0,train,train,train
DTXSID8038857,0,train,train,train
DTXSID9035175,0,train,test,train
DTXSID0044490,0,train,train,train
DTXSID3020835,0,train,train,train
DTXSID0045703,0,train,train,train
DTXSID1045297,0,train,test,train
DTXSID7027461,0,train,train,train
DTXSID6022133,0,train,train,train
DTXSID5047299,0,train,train,train
DTXSID1020223,0,train,train,train
DTXSID9044372,0,train,train,test
DTXSID5020023,0,train,train,train
DTXSID7021102,0,train,train,train
DTXSID0052542,0,train,train,train
DTXSID5047110,0,train,train,test
DTXSID2034255,0,train,test,train
DTXSID8049256,0,train,train,train
DTXSID0024002,0,train,train,test
DTXSID8021640,0,train,train,train
DTXSID8045228,0,train,train,train
DTXSID1048831,0,train,train,test
DTXSID7025768,0,train,test,train
DTXSID0028038,0,train,train,train
DTXSID0028618,0,train,train,train
DTXSID3046536,0,train,train,test
DTXSID4047092,0,train,train,train
DTXSID4045391,0,train,train,train
DTXSID1033161,0,train,train,train
DTXSID6046341,0,train,train,train
DTXSID9026558,0,train,test,train
DTXSID6045618,0,train,train,train
DTXSID2020212,0,train,train,train
DTXSID4032580,0,train,train,test
DTXSID5048710,0,train,train,train
DTXSID8047262,0,train,train,train
DTXSID2048161,0,train,test,train
DTXSID5025730,0,train,train,train
DTXSID0057835,0,train,train,train
DTXSID0046565,0,train,train,test
DTXSID7021659,0,train,train,train
DTXSID4026214,0,train,train,train
DTXSID3021778,0,train,train,test
DTXSID3040271,0,train,test,test
DTXSID4036435,0,train,test,train
DTXSID7046047,0,train,test,train
DTXSID8029652,0,train,train,test
DTXSID2034885,0,train,train,train
DTXSID3052511,0,train,train,train
DTXSID1049225,0,train,train,train
DTXSID1046558,0,train,train,train
DTXSID3027370,0,train,train,train
DTXSID8046030,0,train,train,train
DTXSID1038824,0,train,train,train
DTXSID2020507,0,train,train,train
DTXSID5052620,0,train,train,train
DTXSID9021689,1,train,train,test
DTXSID6048915,0,train,train,train
DTXSID4041317,0,train,test,train
DTXSID7021782,1,train,train,test
DTXSID6046634,0,train,train,train
DTXSID1021405,1,train,train,test
DTXSID0047749,0,train,test,train
DTXSID4024771,0,train,train,train
DTXSID7021815,0,train,train,test
DTXSID6041636,0,train,train,train
DTXSID6045616,0,train,train,train
DTXSID9044748,0,train,test,train
DTXSID1046392,0,train,train,test
DTXSID6044773,0,train,train,test
DTXSID1057612,0,train,test,train
DTXSID5057674,0,train,test,test
DTXSID8021777,0,train,train,test
DTXSID6023529,0,train,train,train
DTXSID4021894,0,train,train,train
DTXSID5023243,0,train,train,test
DTXSID6057825,0,train,test,train
DTXSID4047624,0,train,train,train
DTXSID5020445,0,train,test,test
DTXSID8034665,1,train,test,train
DTXSID4023179,0,train,train,train
DTXSID0045832,0,train,train,test
DTXSID8045771,0,train,train,train
DTXSID4042094,0,train,train,test
DTXSID0040707,0,train,train,train
DTXSID7025849,0,train,train,train
DTXSID9022736,0,train,test,train
DTXSID8045937,0,train,train,train
DTXSID6023868,0,train,train,train
DTXSID4047202,0,train,test,train
DTXSID6049432,0,train,train,train
DTXSID6024337,0,train,train,train
DTXSID5046273,0,train,train,train
DTXSID0020606,0,train,train,train
DTXSID1049273,0,train,train,train
DTXSID2041250,0,train,test,test
DTXSID8045191,0,train,train,train
DTXSID2049002,0,train,test,train
DTXSID0044575,0,train,train,train
DTXSID5026120,0,train,train,test
DTXSID8046743,0,train,train,train
DTXSID7047061,0,train,train,train
DTXSID2046705,0,train,test,train
DTXSID2040236,0,train,test,train
DTXSID4037582,0,train,train,train
DTXSID7049423,0,train,test,train
DTXSID6045878,0,train,test,train
DTXSID9022607,0,train,train,test
DTXSID6047313,0,train,train,train
DTXSID5041302,0,train,train,train
DTXSID8020545,0,train,train,train
DTXSID0026830,0,train,train,test
DTXSID9048695,0,train,train,train
DTXSID8023214,0,train,train,train
DTXSID4024274,0,train,train,train
DTXSID6025141,0,train,test,train
DTXSID5052597,0,train,test,train
DTXSID1024413,0,train,train,train
DTXSID4025612,0,train,test,test
DTXSID1034769,0,train,train,train
DTXSID7026655,1,train,train,train
DTXSID6025307,0,train,train,train
DTXSID0046193,0,train,test,train
DTXSID1020699,0,train,train,train
DTXSID5052591,0,train,test,train
DTXSID9044401,0,train,train,train
DTXSID6052291,0,train,test,test
DTXSID1025300,0,train,train,train
DTXSID0047618,0,train,test,train
DTXSID7041629,0,train,train,train
DTXSID1040611,0,train,train,test
DTXSID3031864,0,train,test,train
DTXSID0038756,0,train,train,test
DTXSID0046721,0,train,train,train
DTXSID1049308,0,train,train,train
DTXSID6026537,0,train,test,train
DTXSID1040164,0,train,train,train
DTXSID3027085,0,train,train,train
DTXSID6022420,0,train,test,train
DTXSID9047546,0,train,train,test
DTXSID3051381,0,train,train,train
DTXSID9023540,0,train,train,train
DTXSID7044132,0,train,train,train
DTXSID5025310,0,train,test,train
DTXSID7020348,0,train,test,train
DTXSID8024947,0,train,train,train
DTXSID6022975,0,train,train,train
DTXSID0020444,0,train,train,train
DTXSID9048853,0,train,test,train
DTXSID9025245,0,train,train,test
DTXSID7037555,0,train,train,train
DTXSID5046069,0,train,train,train
DTXSID7027467,0,train,test,test
DTXSID2022090,0,train,train,train
DTXSID2047191,0,train,test,train
DTXSID4038926,0,train,train,train
DTXSID6026240,0,train,train,train
DTXSID1051856,0,train,train,train
DTXSID0041692,0,train,test,train
DTXSID5020948,0,train,train,train
DTXSID1048833,0,train,test,train
DTXSID4057760,0,train,train,train
DTXSID9047542,0,train,train,train
DTXSID3048576,0,train,train,train
DTXSID3049255,0,train,train,test
DTXSID8022585,0,train,train,test
DTXSID5041772,0,train,test,test
DTXSID3020546,0,train,train,train
DTXSID3025093,0,train,train,train
DTXSID1045798,0,train,train,train
DTXSID4041440,1,train,test,test
DTXSID0045462,0,train,test,test
DTXSID2051764,0,train,test,train
DTXSID9020081,0,train,test,train
DTXSID1020485,0,train,train,test
DTXSID0047082,0,train,test,train
DTXSID3021986,0,train,train,train
DTXSID3024318,0,train,test,test
DTXSID1048883,0,train,train,train
DTXSID5047825,0,train,train,train
DTXSID3045194,0,train,train,train
DTXSID8025703,0,train,train,train
DTXSID3026562,0,train,train,train
DTXSID6047107,0,train,train,train
DTXSID4025903,0,train,train,train
DTXSID9046443,0,train,test,train
DTXSID0047371,1,train,train,train
DTXSID2027258,0,train,train,train
DTXSID3048782,0,train,train,train
DTXSID5025312,0,train,train,train
DTXSID9046445,0,train,test,train
DTXSID4047416,0,train,train,train
DTXSID1043881,0,train,train,train
DTXSID6043917,0,train,train,train
DTXSID2022549,0,train,train,train
DTXSID5041487,0,train,train,train
DTXSID6040296,1,train,test,train
DTXSID1027265,0,train,train,train
DTXSID0026882,0,train,train,train
DTXSID6047078,0,train,train,test
DTXSID0052594,0,train,train,test
DTXSID4032536,0,train,train,train
DTXSID8045480,0,train,train,test
DTXSID3047182,0,train,test,train
DTXSID3047053,0,train,train,train
DTXSID3044916,0,train,train,test
DTXSID4049321,0,train,train,train
DTXSID0020311,0,train,train,train
DTXSID2044218,0,train,train,test
DTXSID5024392,0,train,train,train
DTXSID2040284,0,train,test,train
DTXSID1045162,0,train,train,train
DTXSID5021916,0,train,test,test
DTXSID7029249,0,train,test,train
DTXSID1047366,0,train,train,train
DTXSID5026623,0,train,train,train
DTXSID3052278,0,train,train,train
DTXSID6025775,0,train,train,train
DTXSID5041728,0,train,train,train
DTXSID0047870,0,train,train,train
DTXSID4024062,0,train,train,train
DTXSID9047885,1,train,train,train
DTXSID6022472,0,train,train,train
DTXSID4041604,0,train,train,train
DTXSID1023231,0,train,train,train
DTXSID1024338,0,train,train,train
DTXSID0022012,0,train,train,train
DTXSID0041519,0,train,test,test
DTXSID4044587,0,train,test,test
DTXSID2020767,0,train,train,train
DTXSID2049347,0,train,train,train
DTXSID3025257,0,train,train,train
DTXSID1043839,0,train,train,train
DTXSID8021305,0,train,train,train
DTXSID1040114,0,train,train,train
DTXSID5045128,0,train,train,train
DTXSID0046567,0,train,train,test
DTXSID2042149,0,train,train,train
DTXSID0023323,0,train,train,train
DTXSID4052342,0,train,test,train
DTXSID6021030,0,train,train,train
DTXSID4034287,0,train,train,test
DTXSID4020583,0,train,train,train
DTXSID1048706,0,train,train,test
DTXSID2022254,0,train,train,train
DTXSID3027241,0,train,train,train
DTXSID6048961,0,train,test,train
DTXSID4021979,0,train,test,train
DTXSID6022137,1,train,train,train
DTXSID1021372,0,train,train,train
DTXSID7047510,0,train,train,test
DTXSID8032548,0,train,train,test
DTXSID2023480,0,train,test,train
DTXSID6022399,0,train,train,train
DTXSID7045310,0,train,test,train
DTXSID0023870,0,train,train,test
DTXSID1046685,0,train,train,train
DTXSID7040360,0,train,test,train
DTXSID4023094,0,train,train,train
DTXSID4022812,0,train,train,train
DTXSID3025461,0,train,train,train
DTXSID1022394,0,train,test,test
DTXSID1046891,0,train,train,train
DTXSID0032998,0,train,test,train
DTXSID6045791,0,train,train,train
DTXSID7024320,0,train,train,test
DTXSID5025318,0,train,train,train
DTXSID0045707,0,train,train,train
DTXSID7022120,0,train,train,test
DTXSID4046101,0,train,test,train
DTXSID8024153,0,train,train,train
DTXSID6024915,0,train,train,train
DTXSID8047842,0,train,test,test
DTXSID9026841,0,train,test,train
DTXSID4042622,0,train,test,train
DTXSID1049306,0,train,train,train
DTXSID9036438,0,train,train,test
DTXSID8024286,0,train,test,train
DTXSID3023057,0,train,train,train
DTXSID2023640,0,train,train,train
DTXSID7025924,0,train,train,test
DTXSID0024921,0,train,train,train
DTXSID4023591,0,train,train,train
DTXSID7023148,0,train,train,test
DTXSID5022439,0,train,test,train
DTXSID0046696,0,train,train,test
DTXSID8020963,0,train,train,test
DTXSID4047385,0,train,train,train
DTXSID0025991,0,train,train,train
DTXSID6048882,0,train,train,train
DTXSID2026151,0,train,train,train
DTXSID4057681,0,train,test,train
DTXSID1022421,0,train,test,train
DTXSID5032315,0,train,train,train
DTXSID8027323,0,train,train,test
DTXSID9047099,0,train,train,train
DTXSID7047643,0,train,train,test
DTXSID3020205,0,train,test,train
DTXSID2047777,0,train,train,train
DTXSID4058655,0,train,train,train
DTXSID6032514,0,train,train,train
DTXSID6029121,0,train,train,train
DTXSID3046405,0,train,test,train
DTXSID7024112,0,train,train,test
DTXSID3021770,0,train,train,train
DTXSID7022124,0,train,test,train
DTXSID2042436,0,train,train,train
DTXSID0033754,1,train,train,test
DTXSID2040731,0,train,train,train
DTXSID8022117,0,train,test,train
DTXSID5046148,0,train,train,train
DTXSID0041985,0,train,train,train
DTXSID4046523,0,train,test,train
DTXSID0022432,0,train,train,train
DTXSID4045183,0,train,test,train
DTXSID6021874,0,train,train,train
DTXSID3024154,0,train,train,train
DTXSID2021941,0,train,train,train
DTXSID5048716,0,train,train,train
DTXSID4046284,0,train,train,test
DTXSID8047266,0,train,train,train
DTXSID9044582,1,train,train,train
DTXSID0032578,0,train,train,train
DTXSID1027479,0,train,train,test
DTXSID9032533,0,train,train,train
DTXSID6044931,0,train,train,train
DTXSID0045127,0,train,train,test
DTXSID5023796,0,train,train,train
DTXSID0032651,0,train,test,train
DTXSID5029186,0,train,train,train
DTXSID3037709,1,train,train,test
DTXSID4044953,0,train,train,test
DTXSID8057649,0,train,test,train
DTXSID1026083,0,train,train,train
DTXSID7044689,0,train,train,test
DTXSID0046850,0,train,test,train
DTXSID3044831,0,train,train,test
DTXSID1044936,0,train,test,test
DTXSID2024454,0,train,train,train
DTXSID9024772,0,train,train,train
DTXSID8020757,0,train,test,train
DTXSID4025406,0,train,train,train
DTXSID6057611,0,train,train,train
DTXSID4020452,0,train,train,test
DTXSID9023170,0,train,test,train
DTXSID9025536,0,train,train,test
DTXSID8046589,0,train,train,train
DTXSID4022288,0,train,train,train
DTXSID7048669,0,train,test,train
DTXSID4044533,0,train,test,train
DTXSID4024773,0,train,train,train
DTXSID0027804,0,train,test,train
DTXSID1052294,0,train,test,train
DTXSID2021650,0,train,test,train
DTXSID4027525,0,train,test,train
DTXSID5045914,0,train,train,train
DTXSID3031492,0,train,train,train
DTXSID8026018,0,train,train,test
DTXSID7027338,0,train,train,train
DTXSID3048811,0,train,train,test
DTXSID0020288,0,train,train,train
DTXSID6020933,0,train,train,test
DTXSID8042399,0,train,test,test
DTXSID4025668,0,train,train,train
DTXSID7022417,0,train,train,train
DTXSID2020260,1,train,train,train
DTXSID1029338,0,train,train,train
DTXSID4027498,0,train,test,train
DTXSID6021032,0,train,train,test
DTXSID9045633,0,train,train,train
DTXSID9034816,0,train,train,train
DTXSID6041349,0,train,train,train
DTXSID3024362,0,train,train,train
DTXSID4042418,0,train,train,train
DTXSID8042266,0,train,train,train
DTXSID1052587,0,train,test,train
DTXSID7052446,0,train,train,train
DTXSID8048785,0,train,train,train
DTXSID5047667,0,train,test,train
DTXSID2045315,0,train,train,train
DTXSID8032417,1,train,train,test
DTXSID9021639,0,train,test,train
DTXSID5022724,0,train,train,test
DTXSID6020694,0,train,train,train
DTXSID9030048,0,train,train,train
DTXSID2044979,0,train,train,train
DTXSID5021380,0,train,train,train
DTXSID8051708,0,train,train,test
DTXSID1045615,0,train,train,train
DTXSID5034729,0,train,train,train
DTXSID4045181,0,train,train,train
DTXSID1033371,0,train,train,train
DTXSID5048899,0,train,train,train
DTXSID6026955,0,train,train,train
DTXSID6057744,0,train,test,test
DTXSID0020810,0,train,train,train
DTXSID2025345,0,train,test,test
DTXSID9021685,0,train,test,train
DTXSID2044686,0,train,train,train
DTXSID8021484,0,train,train,train
DTXSID6046890,0,train,train,test
DTXSID0048898,0,train,train,train
DTXSID0021206,0,train,test,test
DTXSID6022684,0,train,train,test
DTXSID8023557,0,train,train,train
DTXSID5022934,0,train,test,test
DTXSID0020448,0,train,train,train
DTXSID0048210,0,train,test,train
DTXSID4048696,0,train,train,train
DTXSID6038827,0,train,test,train
DTXSID4045478,0,train,test,train
DTXSID6051724,0,train,train,train
DTXSID1020146,0,train,test,test
DTXSID6025278,0,train,train,train
DTXSID6024206,0,train,train,train
DTXSID3042394,0,train,train,train
DTXSID1020984,0,train,train,train
DTXSID7021576,0,train,train,train
DTXSID1027342,0,train,train,train
DTXSID0021410,0,train,test,train
DTXSID6024123,0,train,test,train
DTXSID5023746,0,train,test,train
DTXSID5020287,0,train,test,train
DTXSID8047428,0,train,test,test
DTXSID7022172,0,train,train,train
DTXSID2047779,0,train,test,train
DTXSID0047292,0,train,train,train
DTXSID7022415,0,train,train,train
DTXSID0045543,0,train,train,train
DTXSID0025078,0,train,train,test
DTXSID1047158,0,train,train,train
DTXSID0048183,0,train,test,test
DTXSID9024483,0,train,train,train
DTXSID7047277,0,train,train,train
DTXSID8020969,0,train,train,train
DTXSID5045382,0,train,train,train
DTXSID0047030,0,train,train,test
DTXSID4021424,0,train,train,train
DTXSID8041957,0,train,train,test
DTXSID6040583,0,train,train,train
DTXSID6041638,0,train,test,train
DTXSID0020652,0,train,train,train
DTXSID9047093,0,train,train,train
DTXSID4020901,0,train,train,train
DTXSID8027402,0,train,train,train
DTXSID4022573,0,train,train,test
DTXSID3023845,0,train,train,train
DTXSID6021246,0,train,train,train
DTXSID5051444,0,train,train,train
DTXSID2026107,0,train,train,train
DTXSID6046399,0,train,train,train
DTXSID2052607,0,train,train,train
DTXSID5057830,0,train,train,train
DTXSID5047164,0,train,train,train
DTXSID5046695,0,train,test,train
DTXSID0024345,0,train,train,train
DTXSID7044893,0,train,test,train
DTXSID9027441,0,train,train,train
DTXSID9046023,0,train,train,train
DTXSID5023536,0,train,train,train
DTXSID6020357,0,train,train,test
DTXSID3024449,0,train,train,train
DTXSID4048644,0,train,train,train
DTXSID5025819,0,train,train,train
DTXSID4021767,0,train,train,train
DTXSID4047177,0,train,train,train
DTXSID7047271,0,train,train,train
DTXSID3022164,0,train,test,train
DTXSID2049397,0,train,test,train
DTXSID8047848,0,train,train,train
DTXSID1047651,0,train,train,train
DTXSID4048727,0,train,train,test
DTXSID1034973,0,train,train,train
DTXSID5045205,0,train,train,train
DTXSID9041659,0,train,train,train
DTXSID7045996,0,train,train,train
DTXSID2032558,0,train,train,train
DTXSID3020043,0,train,train,test
DTXSID4041783,0,train,train,train
DTXSID7021314,0,train,test,train
DTXSID5042243,0,train,train,test
DTXSID0026202,0,train,train,train
DTXSID8027329,0,train,train,train
DTXSID8026303,0,train,train,test
DTXSID8049042,0,train,train,train
DTXSID5037571,0,train,train,train
DTXSID5042451,0,train,test,train
DTXSID1044435,0,train,train,test
DTXSID0020319,0,train,train,train
DTXSID9046495,0,train,train,test
DTXSID0057831,0,train,train,train
DTXSID0045963,0,train,train,train
DTXSID3036105,0,train,train,test
DTXSID2051895,0,train,train,train
DTXSID7043902,0,train,train,test
DTXSID4023549,0,train,train,test
DTXSID8020886,0,train,train,train
DTXSID4040686,0,train,train,train
DTXSID0044650,0,train,train,train
DTXSID0047375,0,train,train,train
DTXSID5029184,0,train,test,train
DTXSID3057775,0,train,train,test
DTXSID3025590,0,train,train,train
DTXSID1022926,0,train,train,test
DTXSID8057801,0,train,train,train
DTXSID5057678,0,train,train,train
DTXSID4047414,0,train,train,train
DTXSID2020505,0,train,train,train
DTXSID7045158,0,train,train,train
DTXSID8021939,0,train,train,train
DTXSID9045849,0,train,train,train
DTXSID2023434,0,train,train,train
DTXSID9025110,0,train,train,train
DTXSID9020538,0,train,train,train
DTXSID9035206,0,train,train,train
DTXSID1034929,0,train,train,train
DTXSID7048829,0,train,train,train
DTXSID4023676,0,train,train,train
DTXSID7030307,0,train,train,train
DTXSID0023296,0,train,train,train
DTXSID0047614,0,train,train,train
DTXSID5045702,0,train,test,train
DTXSID2047272,0,train,train,train
DTXSID2020894,0,train,train,test
DTXSID8023636,0,train,train,train
DTXSID3044203,0,train,train,train
DTXSID6025432,0,train,train,train
DTXSID8047058,0,train,train,train
DTXSID0026040,0,train,train,train
DTXSID8041329,0,train,test,train
DTXSID8045852,0,train,train,test
DTXSID7026653,0,train,test,train
DTXSID0023747,0,train,train,train
DTXSID5045756,0,train,train,train
DTXSID7027596,0,train,train,train
DTXSID1027974,0,train,train,train
DTXSID8047000,0,train,train,train
DTXSID6046428,0,train,train,test
DTXSID9026710,0,train,train,train
DTXSID8022743,0,train,train,test
DTXSID7027120,0,train,train,train
DTXSID1041184,0,train,train,train
DTXSID1029255,0,train,train,train
DTXSID9021635,0,train,train,train
DTXSID5046510,0,train,train,train
DTXSID6049309,0,train,train,train
DTXSID8023848,0,train,train,test
DTXSID1048598,0,train,test,train
DTXSID6022131,0,train,train,train
DTXSID3022958,0,train,train,train
DTXSID8049383,0,train,train,train
DTXSID5021544,0,train,train,test
DTXSID0044361,0,train,train,train
DTXSID1032519,0,train,train,train
DTXSID3047681,0,train,train,train
DTXSID4021892,0,train,train,train
DTXSID2044507,0,train,train,train
DTXSID6049064,0,train,train,test
DTXSID7044427,0,train,train,train
DTXSID0045410,0,train,train,test
DTXSID6027343,0,train,train,test
DTXSID5025815,0,train,train,train
DTXSID4027103,0,train,train,train
DTXSID9045891,0,train,train,train
DTXSID2057782,0,train,train,train
DTXSID7032004,0,train,test,train
DTXSID3038852,0,train,train,test
DTXSID9044534,0,train,train,train
DTXSID5036684,0,train,test,test
DTXSID2047068,0,train,train,train
DTXSID7023011,0,train,test,train
DTXSID0020943,0,train,train,train
DTXSID4023125,0,train,train,train
DTXSID3041619,0,train,test,train
DTXSID8037596,0,train,train,train
DTXSID9020792,0,train,train,train
DTXSID5028114,0,train,train,train
DTXSID5044445,0,train,test,train
DTXSID0044816,0,train,test,test
DTXSID1032482,0,train,train,train
DTXSID5041726,0,train,train,train
DTXSID1048172,0,train,train,train
DTXSID6027266,0,train,train,train
DTXSID5047582,0,train,test,train
DTXSID1027007,0,train,train,train
DTXSID9030707,1,train,train,test
DTXSID4033390,0,train,train,test
DTXSID8052300,0,train,train,train
DTXSID5020027,0,train,train,train
DTXSID2041416,0,train,train,train
DTXSID0027191,0,train,train,test
DTXSID6021456,0,train,train,train
DTXSID2026606,0,train,test,train
DTXSID9045138,0,train,train,train
DTXSID3046162,0,train,train,train
DTXSID0021628,0,train,train,train
DTXSID8045806,0,train,train,train
DTXSID4047173,0,train,train,train
DTXSID5026259,0,train,test,train
DTXSID0044999,0,train,test,test
DTXSID6045321,0,train,train,train
DTXSID0044862,0,train,train,train
DTXSID2047307,1,train,test,train
DTXSID7024821,0,train,train,train
DTXSID3037094,0,train,train,train
DTXSID7021316,0,train,train,test
DTXSID2024799,0,train,train,test
DTXSID0049022,0,train,train,train
DTXSID4057766,0,train,test,test
DTXSID6044981,0,train,test,train
DTXSID8044200,0,train,train,train
DTXSID3023342,0,train,train,train
DTXSID5032361,1,train,train,train
DTXSID5023665,0,train,train,train
DTXSID2057734,0,train,train,train
DTXSID5042089,0,train,train,test
DTXSID4046153,0,train,train,train
DTXSID4023414,0,train,test,test
DTXSID8049416,0,train,train,test
DTXSID7022413,0,train,train,train
DTXSID3021196,0,train,train,train
DTXSID5032577,1,train,train,train
DTXSID2024878,0,train,train,test
DTXSID6021290,0,train,train,train
DTXSID1024255,0,train,train,test
DTXSID8044753,0,train,train,train
DTXSID5047374,0,train,train,train
DTXSID9047623,0,train,test,test
DTXSID6020434,0,train,train,train
DTXSID2032556,0,train,train,test
DTXSID0057700,0,train,train,test
DTXSID1044437,0,train,test,test
DTXSID2025680,0,train,train,train
DTXSID7022629,0,train,train,train
DTXSID6041426,0,train,train,train
DTXSID3057850,0,train,train,train
DTXSID0041359,0,train,train,train
DTXSID4047543,0,train,train,test
DTXSID7041887,0,train,train,train
DTXSID9034286,0,train,train,train
DTXSID5025023,0,train,train,train
DTXSID6025064,0,train,train,train
DTXSID7043950,0,train,train,train
DTXSID7021526,0,train,train,train
DTXSID0032869,0,train,train,test
DTXSID5057757,0,train,train,train
DTXSID7045867,0,train,train,train
DTXSID3049336,0,train,train,train
DTXSID0042379,0,train,train,train
DTXSID1022479,0,train,train,train
DTXSID8034089,0,train,test,train
DTXSID0041850,0,train,train,train
DTXSID3047138,0,train,train,test
DTXSID0057839,0,train,train,train
DTXSID4034102,0,train,train,train
DTXSID1021455,0,train,train,train
DTXSID7026572,0,train,test,train
DTXSID4024721,0,train,train,train
DTXSID0025492,0,train,test,train
DTXSID4047389,0,train,train,train
DTXSID3048657,0,train,train,train
DTXSID5021627,0,train,train,train
DTXSID8041743,0,train,train,train
DTXSID0021886,0,train,train,train
DTXSID0021462,0,train,train,train
DTXSID4047882,0,train,train,test
DTXSID6046422,0,train,train,train
DTXSID1037224,0,train,train,train
DTXSID8045141,0,train,train,test
DTXSID0022191,0,train,test,train
DTXSID0027066,0,train,train,train
DTXSID0020107,0,train,train,test
DTXSID9047463,0,train,train,test
DTXSID9041570,0,train,train,train
DTXSID6047525,0,train,train,train
DTXSID8027585,0,train,train,train
DTXSID5029762,0,train,train,train
DTXSID6045614,0,train,train,train
DTXSID0047400,0,train,test,train
DTXSID5047900,0,train,train,train
DTXSID4021131,0,train,train,train
DTXSID6047781,0,train,train,train
DTXSID9049247,0,train,train,train
DTXSID3047849,0,train,test,train
DTXSID3044837,0,train,train,train
DTXSID7021100,0,train,train,train
DTXSID9049407,0,train,train,train
DTXSID5046986,0,train,train,test
DTXSID1051939,0,train,train,train
DTXSID7021237,0,train,test,train
DTXSID3026728,0,train,test,train
DTXSID6042494,0,train,train,test
DTXSID5047665,0,train,train,train
DTXSID3024944,0,train,test,train
DTXSID0020440,0,train,test,train
DTXSID3034583,0,train,train,train
DTXSID8047347,0,train,test,train
DTXSID4024646,0,train,train,train
DTXSID0020602,0,train,test,train
DTXSID5045413,0,train,train,train
DTXSID2044715,0,train,train,train
DTXSID6021375,0,train,train,test
DTXSID9046029,0,train,train,train
DTXSID8047422,0,train,train,train
DTXSID4020878,0,train,train,train
DTXSID3027328,0,train,train,test
DTXSID4021842,0,train,train,train
DTXSID7045152,0,train,train,train
DTXSID7026526,0,train,train,train
DTXSID1045245,0,train,test,train
DTXSID8045802,0,train,train,train
DTXSID2023224,0,train,train,train
DTXSID4047703,0,train,train,test
DTXSID8057724,0,train,train,train
DTXSID7020683,0,train,train,train
DTXSID3047055,0,train,train,test
DTXSID9024809,0,train,train,test
DTXSID8027036,0,train,train,train
DTXSID3057858,0,train,train,train
DTXSID5027487,0,train,test,test
DTXSID2021997,0,train,train,train
DTXSID6045323,0,train,test,train
DTXSID0045204,0,train,train,train
DTXSID6026535,0,train,train,train
DTXSID0024503,0,train,train,test
DTXSID3047344,0,train,train,train
DTXSID8029072,1,train,train,train
DTXSID5020570,0,train,train,train
DTXSID5042324,0,train,train,train
DTXSID9047411,0,train,test,train
DTXSID3057806,0,train,train,test
DTXSID4051586,0,train,train,test
DTXSID1041978,0,train,train,train
DTXSID3047348,0,train,train,test
DTXSID6033247,0,train,train,train
DTXSID8047844,0,train,test,test
DTXSID2047519,0,train,train,train
DTXSID2026608,0,train,test,train
DTXSID9046780,0,train,train,train
DTXSID7028011,0,train,train,test
DTXSID5044441,0,train,train,train
DTXSID0041141,0,train,train,test
DTXSID6041844,0,train,train,train
DTXSID5040675,0,train,train,test
DTXSID2032631,0,train,test,train
DTXSID8023470,0,train,train,train
DTXSID0052590,0,train,train,train
DTXSID0057833,0,train,train,train
DTXSID9022445,0,train,train,test
DTXSID8022408,0,train,train,train
DTXSID3047184,0,train,train,train
DTXSID2052281,0,train,train,test
DTXSID1049697,0,train,train,train
DTXSID2047193,0,train,train,train
DTXSID2049393,0,train,train,test
DTXSID3027580,0,train,train,test
DTXSID9033187,0,train,train,test
DTXSID2057738,0,train,train,train
DTXSID4044454,0,train,train,train
DTXSID5029263,0,train,train,train
DTXSID9046576,0,train,train,train
DTXSID4025082,1,train,train,train
DTXSID9046570,0,train,train,train
DTXSID2021448,0,train,train,train
DTXSID3034618,0,train,train,train
DTXSID8052198,0,train,train,train
DTXSID7044762,0,train,train,test
DTXSID0022305,0,train,train,train
DTXSID2022096,0,train,train,train
DTXSID7023722,0,train,train,train
DTXSID6034764,0,train,train,train
DTXSID6047440,0,train,train,train
DTXSID6040115,0,train,test,train
DTXSID8021646,0,train,train,test
DTXSID7020710,0,train,train,test
DTXSID7041540,0,train,test,train
DTXSID9026716,0,train,test,train
DTXSID1048910,0,train,train,train
DTXSID1027768,0,train,train,train
DTXSID7040526,0,train,train,train
DTXSID0029761,0,train,train,train
DTXSID1044720,0,train,train,train
DTXSID7031248,0,train,train,train
DTXSID3025629,0,train,train,train
DTXSID1037806,0,train,train,train
DTXSID5048180,0,train,train,train
DTXSID7022968,0,train,train,train
DTXSID9044112,0,train,train,train
DTXSID7057739,0,train,train,train
DTXSID1024704,0,train,train,train
DTXSID3040693,0,train,train,train
DTXSID3022405,0,train,train,test
DTXSID9024481,0,train,train,train
DTXSID6046474,0,train,train,test
DTXSID0023377,0,train,train,train
DTXSID3044542,0,train,train,test
DTXSID6044517,0,train,train,test
DTXSID8041797,0,train,train,train
DTXSID1046215,0,train,train,train
DTXSID8022111,0,train,train,train
DTXSID3040697,0,train,train,test
DTXSID1041265,0,train,test,test
DTXSID5023588,0,train,train,test
DTXSID0044573,0,train,test,train
DTXSID7041621,0,train,train,train
DTXSID3044623,0,train,train,train
DTXSID1040110,0,train,train,train
DTXSID9024699,0,train,train,train
DTXSID1045746,0,train,train,train
DTXSID6046767,0,train,test,train
DTXSID4036489,0,train,train,train
DTXSID0022777,0,train,train,train
DTXSID0044236,0,train,train,train
DTXSID8057697,0,train,train,train
DTXSID1047108,0,train,test,train
DTXSID4041575,1,train,train,train
DTXSID9020401,0,train,test,train
DTXSID2057603,0,train,train,train
DTXSID8022828,0,train,train,train
DTXSID8027797,0,train,train,train
DTXSID2047197,0,train,test,train
DTXSID7020843,0,train,test,train
DTXSID7027388,0,train,train,test
DTXSID2048797,0,train,train,train
DTXSID2045656,0,train,train,train
DTXSID3042261,0,train,train,test
DTXSID6020430,0,train,test,train
DTXSID7020425,0,train,train,test
DTXSID7020423,0,train,train,train
DTXSID1057749,0,train,test,test
DTXSID6037649,0,train,train,test
DTXSID1040295,0,train,train,train
DTXSID6052112,0,train,train,train
DTXSID8022406,0,train,train,train
DTXSID4025741,0,train,test,train
DTXSID1045164,0,train,train,train
DTXSID5026544,0,train,train,train
DTXSID9040687,0,train,train,train
DTXSID6048836,0,train,train,train
DTXSID4057631,0,train,train,train
DTXSID3044758,0,train,train,train
DTXSID1024091,1,train,train,test
DTXSID3020706,0,train,train,train
DTXSID8046456,0,train,train,train
DTXSID7023300,0,train,train,train
DTXSID5021122,0,train,test,test
DTXSID8047420,1,train,test,test
DTXSID3044590,0,train,train,test
DTXSID4027282,0,train,train,train
DTXSID1027502,0,train,train,train
DTXSID7044639,0,train,train,test
DTXSID6046000,0,train,train,train
DTXSID2044896,0,train,train,train
DTXSID3045851,0,train,train,train
DTXSID1042364,0,train,train,train
DTXSID7032553,0,train,train,train
DTXSID2044925,0,train,train,train
DTXSID1046429,0,train,train,train
DTXSID8048789,0,train,train,train
DTXSID9040683,0,train,train,train
DTXSID6051566,0,train,test,train
DTXSID5044495,0,train,train,train
DTXSID7046887,0,train,train,train
DTXSID5048188,0,train,train,train
DTXSID6046505,0,train,test,train
DTXSID5045388,0,train,test,train
DTXSID0048921,0,train,train,train
DTXSID2044923,0,train,train,test
DTXSID2024163,0,train,train,train
DTXSID3044704,0,train,train,test
DTXSID3023508,0,train,train,train
DTXSID1027425,0,train,test,test
DTXSID7043873,0,train,test,train
DTXSID6048383,0,train,test,train
DTXSID7040948,0,train,train,train
DTXSID9025661,1,train,train,train
DTXSID6047101,0,train,train,train
DTXSID1044986,0,train,train,test
DTXSID2022678,0,train,train,test
DTXSID9044821,0,train,test,test
DTXSID6021585,0,train,test,train
DTXSID2021600,0,train,train,train
DTXSID6049066,0,train,train,train
DTXSID7046914,0,train,train,train
DTXSID2029327,0,train,train,train
DTXSID9046100,0,train,train,train
DTXSID8044385,0,train,train,train
DTXSID4027658,0,train,test,train
DTXSID2045600,0,train,train,train
DTXSID7020057,0,train,train,test
DTXSID1047788,0,train,train,test
DTXSID8035180,0,train,test,train
DTXSID9022655,0,train,train,test
DTXSID1043910,0,train,train,train
DTXSID9057684,0,train,train,train
DTXSID4020329,0,train,train,train
DTXSID4024937,0,train,train,train
DTXSID2027466,0,train,train,train
DTXSID8045357,0,train,train,train
DTXSID7042356,0,train,train,train
DTXSID7041544,0,train,train,train
DTXSID6044515,0,train,test,test
DTXSID7046831,0,train,test,train
DTXSID2041464,0,train,train,train
DTXSID4048725,0,train,test,train
DTXSID3042423,0,train,train,train
DTXSID3041405,0,train,test,train
DTXSID7046465,0,train,train,train
DTXSID3021221,0,train,train,train
DTXSID3047843,0,train,train,train
DTXSID1045661,0,train,train,train
DTXSID4024436,0,train,train,train
DTXSID1029889,0,train,train,train
DTXSID1046344,0,train,train,train
DTXSID3020047,0,train,train,train
DTXSID5046481,0,train,train,test
DTXSID2024585,0,train,test,train
DTXSID4038924,0,train,test,train
DTXSID5044786,0,train,test,train
DTXSID1020431,0,train,train,test
DTXSID0047169,0,train,test,test
DTXSID2020684,0,train,train,train
DTXSID2022462,0,train,test,train
DTXSID6020981,0,train,test,train
DTXSID3047134,0,train,train,train
DTXSID3027829,0,train,train,train
DTXSID7021233,0,train,train,train
DTXSID4026715,0,train,train,train
DTXSID6027397,0,train,train,train
DTXSID8048787,0,train,train,test
DTXSID9049295,0,train,test,train
DTXSID0025286,0,train,test,train
DTXSID0047610,1,train,train,train
DTXSID6044511,0,train,train,train
DTXSID3029231,0,train,train,train
DTXSID7029879,0,train,train,train
DTXSID6042521,0,train,train,train
DTXSID8045698,0,train,train,train
DTXSID8029868,0,train,train,train
DTXSID0049076,0,train,test,train
DTXSID6038877,0,train,train,test
DTXSID3044700,1,train,train,train
DTXSID4041494,0,train,test,train
DTXSID9029194,0,train,test,train
DTXSID4022529,0,train,train,train
DTXSID5040540,0,train,train,train
DTXSID5027069,0,train,train,train
DTXSID7057818,0,train,train,test
DTXSID6045167,0,train,train,train
DTXSID9045635,0,train,train,test
DTXSID4047121,0,train,train,train
DTXSID3033519,0,train,train,test
DTXSID0034936,0,train,train,train
DTXSID1047524,0,train,train,train
DTXSID1044930,0,train,train,train
DTXSID4025296,0,train,train,train
DTXSID2057817,0,train,test,train
DTXSID0044604,0,train,test,test
DTXSID2022381,0,train,train,train
DTXSID1034187,1,train,train,test
DTXSID3022871,0,train,test,train
DTXSID4044870,0,train,test,train
DTXSID7020978,0,train,train,train
DTXSID8044751,0,train,train,train
DTXSID4048933,0,train,test,test
DTXSID8020593,0,train,test,test
DTXSID5033098,0,train,train,train
DTXSID4021185,0,train,train,train
DTXSID3020833,0,train,test,train
DTXSID9021710,0,train,train,train
DTXSID1046180,0,train,train,train
DTXSID9046817,0,train,train,test
DTXSID5057676,0,train,train,test
DTXSID6025018,0,train,train,train
DTXSID1025485,0,train,test,train
DTXSID9028120,1,train,train,train
DTXSID1029629,0,train,train,train
DTXSID5021546,0,train,train,train
DTXSID7045570,0,train,train,train
DTXSID5047320,0,train,train,train
DTXSID7046627,0,train,train,test
DTXSID1027716,0,train,train,train
DTXSID7025716,0,train,train,train
DTXSID3035214,0,train,train,test
DTXSID9046813,0,train,train,train
DTXSID4041600,0,train,train,test
DTXSID8044755,0,train,train,test
DTXSID3032412,0,train,train,test
DTXSID3048786,0,train,train,train
DTXSID4027236,0,train,train,train
DTXSID1026902,0,train,train,test
DTXSID5021251,0,train,test,train
DTXSID0051996,0,train,train,train
DTXSID9045390,0,train,train,train
DTXSID1026661,0,train,test,train
DTXSID8029608,0,train,train,train
DTXSID0046305,0,train,train,train
DTXSID0046561,0,train,train,train
DTXSID2026652,0,train,train,train
DTXSID9042259,0,train,train,train
DTXSID8020468,0,train,train,train
DTXSID5046697,0,train,train,train
DTXSID0044498,0,train,train,train
DTXSID0035790,0,train,train,train
DTXSID1047289,0,train,train,train
DTXSID7022673,0,train,train,train
DTXSID2047727,0,train,train,test
DTXSID2042199,0,train,train,train
DTXSID6020068,0,train,train,train
DTXSID2034962,0,train,train,train
DTXSID0057621,0,train,train,train
DTXSID0044997,1,train,test,train
DTXSID9027449,0,train,test,train
DTXSID1020354,0,train,train,train
DTXSID5046483,0,train,train,train
DTXSID8029157,0,train,train,train
DTXSID0023036,0,train,train,train
DTXSID6020692,0,train,train,train
DTXSID9044451,0,train,test,train
DTXSID6048919,0,train,train,train
DTXSID3032549,0,train,train,train
DTXSID6044808,0,train,train,train
DTXSID0034300,0,train,train,train
DTXSID1021039,0,train,test,train
DTXSID4047127,0,train,train,train
DTXSID8041327,0,train,train,train
DTXSID9021215,0,train,train,train
DTXSID4044905,0,train,train,train
DTXSID7021607,0,train,train,train
DTXSID9044409,0,train,train,train
DTXSID6021909,0,train,train,train
DTXSID6047074,0,train,train,test
DTXSID5020607,0,train,train,test
DTXSID5044996,0,train,train,test
DTXSID0046351,0,train,train,train
DTXSID8025886,0,train,train,train
DTXSID9032329,0,train,train,test
DTXSID1025693,0,train,train,train
DTXSID0050423,0,train,train,train
DTXSID1020439,0,train,train,train
DTXSID4048694,0,train,train,train
DTXSID9024512,0,train,train,test
DTXSID1048679,0,train,train,train
DTXSID2024458,0,train,train,train
DTXSID1025805,0,train,train,test
DTXSID9021053,0,train,train,train
DTXSID3041085,0,train,test,train
DTXSID7025502,0,train,test,train
DTXSID4040682,0,train,train,test
DTXSID6057794,0,train,train,train
DTXSID3042269,0,train,test,train
DTXSID0021414,0,train,train,train
DTXSID0024555,0,train,train,train
DTXSID9049039,0,train,train,train
DTXSID7044685,0,train,train,train
DTXSID7021994,0,train,test,train
DTXSID5032365,0,train,train,train
DTXSID3026691,0,train,train,train
DTXSID5041851,0,train,train,train
DTXSID4047880,0,train,train,train
DTXSID5057626,0,train,train,train
DTXSID8027826,0,train,train,train
DTXSID9047095,0,train,train,test
DTXSID9047257,0,train,train,train
DTXSID8034538,0,train,test,train
DTXSID4047591,0,train,test,train
DTXSID2037502,0,train,test,train
DTXSID7042198,0,train,train,train
DTXSID1027344,0,train,test,train
DTXSID9024774,0,train,train,train
DTXSID6023101,0,train,train,train
DTXSID3029655,0,train,test,train
DTXSID1025431,0,train,test,train
DTXSID7037717,0,train,train,train
DTXSID0020238,0,train,test,train
DTXSID6049272,0,train,train,train
DTXSID2021949,0,train,train,train
DTXSID7046041,0,train,train,train
DTXSID0044315,0,train,train,train
DTXSID1026536,0,train,train,train
DTXSID4048854,0,train,train,train
DTXSID7045607,0,train,train,train
DTXSID3041617,0,train,train,test
DTXSID6044359,0,train,train,train
DTXSID6049224,0,train,train,test
DTXSID0032316,0,train,test,train
DTXSID5025603,0,train,train,train
DTXSID2032180,0,train,test,train
DTXSID5022851,0,train,train,test
DTXSID1049015,0,train,train,test
DTXSID9036515,0,train,train,train
DTXSID6045957,0,train,train,train
DTXSID5021629,0,train,train,train
DTXSID8047050,0,train,train,train
DTXSID1025302,0,train,test,train
DTXSID8046296,0,train,test,train
DTXSID6057742,0,train,train,train
DTXSID0040674,0,train,train,train
DTXSID3044415,0,train,train,train
DTXSID0047115,0,train,train,train
DTXSID6044725,0,train,train,train
DTXSID4041656,0,train,train,train
DTXSID5051999,0,train,train,train
DTXSID1046504,0,train,train,train
DTXSID5024764,0,train,train,train
DTXSID7025130,0,train,train,train
DTXSID6041715,0,train,train,train
DTXSID7044845,0,train,train,train
DTXSID4021761,0,train,train,train
DTXSID1044722,0,train,train,train
DTXSID3027249,0,train,train,train
DTXSID5044522,0,train,train,train
DTXSID7048619,0,train,train,train
DTXSID0037576,0,train,test,test
DTXSID3048815,0,train,test,test
DTXSID4022731,0,train,train,train
DTXSID0023329,0,train,train,train
DTXSID1034503,0,train,train,test
DTXSID1044481,0,train,train,test
DTXSID1045324,0,train,test,train
DTXSID7031531,0,train,test,train
DTXSID4047123,0,train,train,train
DTXSID0041987,0,train,train,test
DTXSID5022227,0,train,train,train
DTXSID6033241,0,train,train,test
DTXSID9026631,0,train,train,train
DTXSID4027284,1,train,test,train
DTXSID9021978,0,train,train,train
DTXSID2021498,0,train,test,train
DTXSID7037680,0,train,train,train
DTXSID3032547,0,train,train,test
DTXSID8026195,0,train,train,train
DTXSID4049038,0,train,train,train
DTXSID6026612,0,train,train,train
DTXSID1021665,0,train,train,train
DTXSID4024729,0,train,test,train
DTXSID0024185,0,train,train,train
DTXSID7052529,0,train,train,train
DTXSID8023719,0,train,test,test
DTXSID1023364,0,train,train,train
DTXSID6024911,0,train,train,train
DTXSID6027925,0,train,train,train
DTXSID5044578,0,train,train,train
DTXSID0020818,0,train,train,train
DTXSID4034497,0,train,train,train
DTXSID4023624,0,train,train,train
DTXSID3041827,0,train,test,test
DTXSID3027247,0,train,test,train
DTXSID6022636,0,train,test,train
DTXSID2032348,0,train,train,train
DTXSID0046640,0,train,test,train
DTXSID5047112,0,train,train,train
DTXSID2027620,0,train,train,train
DTXSID0046434,0,train,train,test
DTXSID1044485,0,train,train,test
DTXSID0041983,0,train,train,test
DTXSID6026872,0,train,test,train
DTXSID6057740,0,train,train,train
DTXSID3026697,0,train,train,test
DTXSID2044002,0,train,test,test
DTXSID1042441,0,train,train,train
DTXSID6041977,0,train,test,train
DTXSID2044470,0,train,train,train
DTXSID6042072,1,train,train,train
DTXSID2026781,0,train,train,train
DTXSID2021781,0,train,test,train
DTXSID4026262,0,train,train,test
DTXSID8047006,0,train,train,train
DTXSID9048516,0,train,train,train
DTXSID4025610,0,train,train,train
DTXSID7027594,0,train,train,train
DTXSID0052596,0,train,train,train
DTXSID4049032,0,train,test,train
DTXSID7025922,0,train,train,test
DTXSID6048597,0,train,train,train
DTXSID2025634,0,train,test,train
DTXSID2033314,0,train,train,test
DTXSID1046425,0,train,train,train
DTXSID9040710,0,train,train,train
DTXSID9025796,0,train,train,train
DTXSID2044399,0,train,test,test
DTXSID4040715,0,train,test,train
DTXSID9020663,0,train,test,train
DTXSID2045523,0,train,test,train
DTXSID9044241,0,train,train,train
DTXSID3021140,0,train,train,train
DTXSID7045572,0,train,train,train
DTXSID0046692,0,train,train,test
DTXSID9047887,0,train,test,train
DTXSID3041370,0,train,train,train
DTXSID8037594,0,train,train,train
DTXSID1022057,0,train,train,test
DTXSID4045769,0,train,train,test
DTXSID6047529,0,train,train,train
DTXSID0045624,0,train,train,train
DTXSID5029267,0,train,train,train
DTXSID6051778,0,train,train,test
DTXSID6032356,0,train,train,train
DTXSID6021244,0,train,train,train
DTXSID7023853,0,train,train,train
DTXSID2022880,0,train,train,train
DTXSID9025249,0,train,train,train
DTXSID6041688,0,train,train,train
DTXSID5037028,0,train,test,test
DTXSID8028008,0,train,train,test
DTXSID7026867,0,train,train,train
DTXSID4038922,0,train,train,train
DTXSID7042065,0,train,test,train
DTXSID2041886,0,train,test,train
DTXSID3022821,0,train,train,train
DTXSID7034674,0,train,train,test
DTXSID6024917,0,train,train,train
DTXSID5023611,0,train,train,train
DTXSID5045174,0,train,train,train
DTXSID3041794,0,train,train,train
DTXSID2032390,0,train,train,test
DTXSID3034612,0,train,train,train
DTXSID4022369,0,train,train,train
DTXSID6025303,0,train,train,train
DTXSID9057840,0,train,test,test
DTXSID2024086,0,train,train,train
DTXSID4024359,0,train,test,train
DTXSID0046569,0,train,train,train
DTXSID2025135,0,train,test,train
DTXSID0022010,0,train,test,train
DTXSID1047029,0,train,test,test
DTXSID9047255,0,train,train,train
DTXSID3020415,0,train,train,test
DTXSID3020596,1,train,train,train
DTXSID0045547,0,train,test,test
DTXSID0033334,0,train,train,test
DTXSID2027759,0,train,train,test
DTXSID5037579,0,train,train,test
DTXSID9025451,0,train,train,test
DTXSID9045710,0,train,train,train
DTXSID6052299,0,train,train,train
DTXSID5023744,0,train,train,train
DTXSID2020688,0,train,train,train
DTXSID2044503,0,train,test,train
DTXSID0020367,0,train,train,train
DTXSID4042468,0,train,train,train
DTXSID3046457,0,train,test,train
DTXSID8047717,0,train,train,train
DTXSID4047674,0,train,train,test
DTXSID6046979,0,train,test,test
DTXSID4022602,0,train,train,train
DTXSID1020930,0,train,train,train
DTXSID4042121,0,train,test,test
DTXSID0025866,0,train,train,train
DTXSID1025560,0,train,train,test
DTXSID9021398,0,train,train,train
DTXSID1025776,0,train,train,train
DTXSID5051650,0,train,train,train
DTXSID1022188,0,train,test,train
DTXSID2026943,0,train,train,train
DTXSID1046263,0,train,train,train
DTXSID8020127,0,train,train,train
DTXSID8029280,0,train,train,train
DTXSID5023372,0,train,train,train
DTXSID1045407,0,train,train,test
DTXSID4048519,0,train,test,train
DTXSID7044479,0,train,test,test
DTXSID0042169,0,train,test,train
DTXSID0044947,0,train,test,train
DTXSID8021513,0,train,train,train
DTXSID3041580,1,train,train,train
DTXSID1048209,0,train,train,train
DTXSID4026050,0,train,train,train
DTXSID8042422,0,train,train,train
DTXSID1020148,0,train,train,test
DTXSID2045238,0,train,train,train
DTXSID5021708,0,train,train,train
DTXSID0045591,0,train,train,test
DTXSID9034282,0,train,test,train
DTXSID7024164,0,train,train,test
DTXSID3046403,0,train,train,train
DTXSID2044848,0,train,train,train
DTXSID0027981,0,train,test,test
DTXSID7046201,0,train,train,train
DTXSID7021603,0,train,train,train
DTXSID9051454,0,train,train,test
DTXSID4045551,0,train,train,test
DTXSID0027721,0,train,train,train
DTXSID2057609,0,train,train,train
DTXSID5022641,0,train,train,test
DTXSID5025657,0,train,train,train
DTXSID6047579,0,train,test,train
DTXSID0048680,0,train,train,train
DTXSID7021104,0,train,train,test
DTXSID3020120,0,train,train,train
DTXSID6023157,0,train,train,train
DTXSID6025276,0,train,train,train
DTXSID0040676,0,train,train,train
DTXSID3047558,0,train,test,test
DTXSID1021320,0,train,train,test
DTXSID7024798,0,train,train,train
DTXSID3045271,0,train,train,test
DTXSID3057692,0,train,train,train
DTXSID7044712,0,train,test,train
DTXSID7047308,0,train,test,train
DTXSID2046090,0,train,train,train
DTXSID9029279,0,train,train,test
DTXSID0020498,0,train,train,train
DTXSID4022991,0,train,train,test
DTXSID4052267,0,train,train,train
DTXSID6051560,0,train,train,test
DTXSID8047894,0,train,train,train
DTXSID3020708,0,train,test,train
DTXSID4047593,0,train,train,train
DTXSID7022043,0,train,train,train
DTXSID9047679,0,train,test,test
DTXSID8047185,0,train,train,train
DTXSID1047570,0,train,train,train
DTXSID1021299,0,train,test,train
DTXSID7025506,0,train,train,train
DTXSID6020569,0,train,train,train
DTXSID6021901,0,train,train,train
DTXSID8057778,0,train,train,train
DTXSID5057624,0,train,train,test
DTXSID6029171,0,train,train,train
DTXSID6045084,0,train,train,train
DTXSID3047899,0,train,train,train
DTXSID6041347,0,train,train,train
DTXSID6022688,0,train,train,test
DTXSID1033402,0,train,train,train
DTXSID2051477,0,train,train,test
DTXSID6038326,0,train,test,train
DTXSID1042360,0,train,train,train
DTXSID9020580,0,train,train,test
DTXSID6047070,0,train,train,train
DTXSID1021619,0,train,test,test
DTXSID0027486,0,train,train,test
DTXSID2025925,0,train,train,test
DTXSID7048798,0,train,train,train
DTXSID4047547,0,train,test,train
DTXSID2026991,0,train,test,train
DTXSID0052839,0,train,train,test
DTXSID5041275,1,train,train,train
DTXSID7020920,0,train,train,train
DTXSID0049238,0,train,train,train
DTXSID6044561,0,train,train,train
DTXSID8022161,0,train,train,train
DTXSID9047128,0,train,test,train
DTXSID2025846,0,train,train,test
DTXSID3047059,0,train,train,train
DTXSID0047165,0,train,train,train
DTXSID3025542,0,train,train,test
DTXSID9045508,0,train,train,train
DTXSID2023690,0,train,train,train
DTXSID1024170,1,train,train,train
DTXSID6041137,0,train,train,train
DTXSID9021136,0,train,test,train
DTXSID4022527,0,train,train,train
DTXSID0023163,0,train,train,test
DTXSID9034864,0,train,train,train
DTXSID9045348,0,train,train,train
DTXSID2022628,0,train,train,train
DTXSID3021774,0,train,train,train
DTXSID3045514,0,train,train,train
DTXSID8033512,0,train,train,train
DTXSID0023826,0,train,train,train
DTXSID3027823,0,train,train,test
DTXSID3026190,0,train,train,train
DTXSID9044370,0,train,train,train
DTXSID2049050,0,train,train,train
DTXSID3047342,0,train,train,test
DTXSID7029871,0,train,train,train
DTXSID7041623,0,train,train,train
DTXSID4038346,0,train,train,train
DTXSID7046419,0,train,train,test
DTXSID5023247,0,train,train,train
DTXSID0026888,0,train,test,train
DTXSID2020262,0,train,train,train
DTXSID9023621,0,train,test,train
DTXSID4024018,0,train,train,train
DTXSID3044465,0,train,train,train
DTXSID5046801,0,train,train,train
DTXSID0045208,0,train,test,test
DTXSID7034250,0,train,train,train
DTXSID7045940,0,train,train,train
DTXSID2044713,0,train,test,train
DTXSID3057721,0,train,train,train
DTXSID6020484,0,train,train,train
DTXSID0047163,0,train,test,test
DTXSID1021166,0,train,test,train
DTXSID3044835,0,train,train,test
DTXSID9047203,0,train,train,test
DTXSID1032569,0,train,train,train
DTXSID6022004,0,train,train,train
DTXSID7024085,0,train,train,train
DTXSID6021036,0,train,test,train
DTXSID2047436,0,train,train,test
DTXSID1057668,0,train,train,test
DTXSID3032624,1,train,train,train
DTXSID2047141,0,train,train,train
DTXSID1033664,0,train,train,train
DTXSID1057826,0,train,train,train
DTXSID7020631,0,train,train,train
DTXSID4021472,0,train,test,train
DTXSID4049400,0,train,test,train
DTXSID9022780,0,train,train,train
DTXSID8045147,0,train,train,test
DTXSID0021121,0,train,train,train
DTXSID7048580,0,train,train,train
DTXSID8023713,0,train,train,train
DTXSID9020825,0,train,train,test
DTXSID2029246,0,train,train,train
DTXSID6043915,0,train,train,train
DTXSID2044559,0,train,train,train
DTXSID5047166,0,train,test,train
DTXSID0025440,0,train,train,train
DTXSID0049317,0,train,train,train
DTXSID1024045,0,train,test,train
DTXSID0048185,0,train,train,test
DTXSID4046739,0,train,train,test
DTXSID9025742,0,train,train,train
DTXSID7047439,0,train,train,train
DTXSID0046357,0,train,train,train
DTXSID6033825,0,train,train,train
DTXSID4047622,0,train,test,train
DTXSID6044486,0,train,train,train
DTXSID2044717,0,train,train,train
DTXSID0034803,0,train,train,train
DTXSID9045762,0,train,train,train
DTXSID1047869,0,train,train,train
DTXSID2021070,0,train,train,test
DTXSID6047319,0,train,train,train
DTXSID3049041,0,train,test,train
DTXSID4024276,0,train,test,train
DTXSID1044487,0,train,test,train
DTXSID7047067,0,train,train,test
DTXSID0025789,0,train,train,train
DTXSID4044878,0,train,train,train
DTXSID8020888,0,train,train,train
DTXSID2029244,0,train,train,train
DTXSID3032759,0,train,train,train
DTXSID5045093,0,train,test,test
DTXSID7057737,0,train,train,train
DTXSID5042378,0,train,train,train
DTXSID9045556,0,train,train,train
DTXSID3020540,0,train,train,train
DTXSID0023878,0,train,train,train
DTXSID6025983,1,train,train,train
DTXSID9049376,0,train,test,train
DTXSID8030760,0,train,test,test
DTXSID8021224,0,train,train,train
DTXSID1026457,0,train,train,train
DTXSID8045484,0,train,test,train
DTXSID9044663,0,train,train,test
DTXSID6041682,0,train,train,train
DTXSID8023927,0,train,train,train
DTXSID5040758,1,train,train,train
DTXSID4037580,1,train,train,train
DTXSID8052724,1,train,train,train
DTXSID8024442,0,train,test,train
DTXSID4025587,0,train,train,train
DTXSID4040979,0,train,train,train
DTXSID0040757,0,train,train,train
DTXSID3041530,0,train,train,train
DTXSID4020589,0,train,train,train
DTXSID0046486,0,train,test,test
DTXSID7041413,0,train,train,train
DTXSID3026514,0,train,train,train
DTXSID7052571,0,train,train,train
DTXSID8046454,0,train,train,train
DTXSID3021936,0,train,train,train
DTXSID1047603,0,train,train,train
DTXSID5045386,0,train,train,train
DTXSID2025632,0,train,train,train
DTXSID6049430,1,train,train,train
DTXSID3025122,0,train,train,train
DTXSID1046003,0,train,train,test
DTXSID2020636,0,train,train,train
DTXSID6025305,0,train,train,train
DTXSID6046349,0,train,train,train
DTXSID9032614,0,train,train,train
DTXSID0032605,0,train,train,train
DTXSID9021184,0,train,train,train
DTXSID6044480,0,train,train,train
DTXSID9045631,0,train,test,train
DTXSID7042190,0,train,train,test
DTXSID3034662,0,train,train,train
DTXSID9042382,0,train,train,train
DTXSID1032355,0,train,train,train
DTXSID2021236,0,train,test,train
DTXSID3049047,0,train,test,train
DTXSID3022586,0,train,train,test
DTXSID9049374,0,train,test,train
DTXSID3024152,0,train,train,test
DTXSID1034212,0,train,train,train
DTXSID1044770,0,train,train,train
DTXSID7045447,0,train,train,test
DTXSID4035592,0,train,train,train
DTXSID9041861,0,train,test,train
DTXSID6052328,0,train,test,train
DTXSID4040268,0,train,train,train
DTXSID2045810,0,train,test,train
DTXSID5020863,0,train,train,train
DTXSID9044879,0,train,train,test
DTXSID7023350,0,train,train,test
DTXSID5022560,0,train,train,train
DTXSID9044744,0,train,test,train
DTXSID3022611,0,train,train,train
DTXSID2046755,0,train,train,train
DTXSID3046324,0,train,train,train
DTXSID8042181,0,train,train,train
DTXSID8047133,0,train,test,train
DTXSID7034252,0,train,train,train
DTXSID4023626,0,train,train,train
DTXSID9023677,0,train,train,train
DTXSID3047186,0,train,train,train
DTXSID8045983,0,train,test,train
DTXSID2026527,0,train,train,train
DTXSID4020244,0,train,train,train
DTXSID0024509,0,train,test,train
DTXSID2032683,0,train,train,train
DTXSID3023427,0,train,train,train
DTXSID7042140,0,train,test,train
DTXSID6057821,0,train,train,train
DTXSID4047838,0,train,train,test
DTXSID4034150,0,train,train,train
DTXSID9044532,0,train,train,train
DTXSID8021644,0,train,train,train
DTXSID5043714,0,train,train,test
DTXSID5048849,0,train,train,train
DTXSID5020819,0,train,test,train
DTXSID6022973,0,train,train,train
DTXSID7027386,0,train,test,test
DTXSID6045666,1,train,test,train
DTXSID4027604,0,train,train,train
DTXSID1020144,0,train,train,train
DTXSID7046675,0,train,test,train
DTXSID0057623,0,train,train,train
DTXSID3027615,0,train,test,train
DTXSID8046402,0,train,train,train
DTXSID4029145,0,train,train,train
DTXSID3023899,0,train,test,train
DTXSID1031462,0,train,train,train
DTXSID4048937,0,train,train,train
DTXSID8027034,0,train,train,test
DTXSID7023936,0,train,train,train
DTXSID0047741,0,train,test,train
DTXSID2045864,0,train,train,train
DTXSID2042143,1,train,train,train
DTXSID6044939,0,train,test,test
DTXSID8047680,0,train,train,train
DTXSID5047611,0,train,train,train
DTXSID9026712,0,train,train,train
DTXSID8044462,0,train,train,train
DTXSID9042203,0,train,train,train
DTXSID2020268,0,train,test,train
DTXSID7038818,0,train,test,train
DTXSID0032601,0,train,test,test
DTXSID4041995,0,train,test,test
DTXSID9048194,0,train,train,train
DTXSID9046572,0,train,train,train
DTXSID9032535,0,train,test,train
DTXSID7020504,0,train,train,test
DTXSID0021040,0,train,train,train
DTXSID4026894,0,train,train,train
DTXSID7027334,0,train,test,train
DTXSID2044971,0,train,train,train
DTXSID5032525,0,train,train,train
DTXSID5034355,0,train,train,test
DTXSID9058654,0,train,train,train
DTXSID9052505,0,train,train,test
DTXSID8057647,0,train,train,train
DTXSID6024412,0,train,train,test
DTXSID7044926,0,train,train,train
DTXSID7020213,0,train,train,train
DTXSID0025577,0,train,train,train
DTXSID5042613,0,train,train,test
DTXSID5048974,0,train,train,train
DTXSID3026067,0,train,train,train
DTXSID7020714,0,train,train,train
DTXSID8046664,0,train,train,train
DTXSID9023205,0,train,train,train
DTXSID6026905,0,train,train,train
DTXSID5041516,0,train,train,train
DTXSID5040750,0,train,train,train
DTXSID9047126,0,train,test,train
DTXSID9057711,0,train,test,train
DTXSID1041550,1,train,train,train
DTXSID9047881,0,train,test,train
DTXSID9042594,0,train,train,train
DTXSID7023061,0,train,train,test
DTXSID7027253,0,train,train,train
DTXSID2025765,0,train,train,train
DTXSID6048200,0,train,train,train
DTXSID9020742,0,train,train,train
DTXSID2046911,0,train,train,test
DTXSID7041883,0,train,train,train
DTXSID4044402,0,train,train,train
DTXSID5021590,1,train,train,test
DTXSID0028030,0,train,train,train
DTXSID3048869,0,train,train,test
DTXSID9040215,0,train,train,train
DTXSID8020179,0,train,train,train
DTXSID9044164,0,train,train,train
DTXSID7046095,0,train,train,train
DTXSID6047783,0,train,train,train
DTXSID8027244,0,train,train,train
DTXSID3047556,0,train,train,train
DTXSID7021657,0,train,train,train
DTXSID4021478,0,train,train,train
DTXSID0051497,0,train,train,train
DTXSID3047265,0,train,train,train
DTXSID9020376,0,train,train,train
DTXSID5021831,0,train,train,train
DTXSID2026600,0,train,train,train
DTXSID5020520,0,train,test,train
DTXSID6044989,0,train,train,train
DTXSID7023485,0,train,train,train
DTXSID4048850,0,train,train,train
DTXSID5046300,0,train,train,train
DTXSID9025453,0,train,train,train
DTXSID1034501,0,train,train,test
DTXSID4057847,0,train,train,train
DTXSID7046126,0,train,train,train
DTXSID6041397,0,train,test,train
DTXSID2021818,0,train,train,train
DTXSID5047087,0,train,test,train
DTXSID6048838,0,train,train,train
DTXSID0025814,0,train,train,train
DTXSID9046289,0,train,train,train
DTXSID3021142,0,train,train,train
DTXSID4022868,0,train,train,train
DTXSID6024591,0,train,train,train
DTXSID0035748,0,train,test,train
DTXSID4045975,0,train,train,train
DTXSID4024064,0,train,test,test
DTXSID2045521,0,train,train,train
DTXSID5026702,0,train,train,train
DTXSID2022331,0,train,train,train
DTXSID6049018,0,train,train,train
DTXSID5044815,0,train,test,train
DTXSID6020064,0,train,train,train
DTXSID0045173,0,train,train,train
DTXSID8024573,0,train,train,train
DTXSID7026520,0,train,test,test
DTXSID7022384,0,train,train,train
DTXSID2020929,0,train,train,train
DTXSID1046136,0,train,test,train
DTXSID1040372,0,train,train,train
DTXSID2021995,0,train,train,train
DTXSID4047335,0,train,train,test
DTXSID3046580,0,train,train,train
DTXSID3044883,0,train,train,train
DTXSID5047116,0,train,test,train
DTXSID6021080,0,train,train,train
DTXSID8049414,0,train,train,test
DTXSID7025635,0,train,train,train
DTXSID5022198,0,train,train,train
DTXSID7047487,0,train,train,train
DTXSID4046999,0,train,train,train
DTXSID9022360,0,train,train,train
DTXSID4040713,0,train,train,train
DTXSID4047466,0,train,train,test
DTXSID2046882,0,train,test,train
DTXSID6047157,0,train,train,test
DTXSID0057704,0,train,test,test
DTXSID4024012,0,train,train,train
DTXSID5023089,0,train,train,train
DTXSID9046150,0,train,train,train
DTXSID0047589,0,train,train,train
DTXSID1023817,0,train,test,train
DTXSID2032500,0,train,test,train
DTXSID0022690,0,train,train,train
DTXSID1033876,0,train,train,train
DTXSID1052610,0,train,train,train
DTXSID6027133,0,train,train,train
DTXSID1057743,0,train,train,train
DTXSID4057843,0,train,train,train
DTXSID2028016,0,train,train,test
DTXSID1057618,0,train,test,train
DTXSID1027471,0,train,train,train
DTXSID1045825,0,train,train,train
DTXSID7029904,0,train,train,train
DTXSID6040745,1,train,train,test
DTXSID1038822,0,train,train,test
DTXSID6047604,0,train,train,test
DTXSID5052593,0,train,train,train
DTXSID5026889,0,train,train,train
DTXSID8025593,1,train,train,train
DTXSID1023102,0,train,train,train
DTXSID4024696,0,train,test,train
DTXSID4022448,0,train,test,train
DTXSID5025156,0,train,train,test
DTXSID3046401,0,train,test,test
DTXSID3024786,0,train,train,train
DTXSID7021106,0,train,train,test
DTXSID7024586,0,train,train,train
DTXSID6027185,0,train,train,train
DTXSID8026224,0,train,train,train
DTXSID9048859,0,train,train,train
DTXSID5021126,0,train,train,test
DTXSID4048199,0,train,train,train
DTXSID5052460,0,train,train,train
DTXSID2024955,0,train,test,train
DTXSID1021031,0,train,train,test
DTXSID8042137,0,train,train,train
DTXSID3036288,0,train,train,test
DTXSID5021411,0,train,train,train
DTXSID3042051,0,train,train,train
DTXSID5047451,0,train,train,train
DTXSID2021151,0,train,train,train
DTXSID1027427,0,train,test,test
DTXSID0027802,0,train,train,train
DTXSID0033382,0,train,train,train
DTXSID3020673,0,train,train,test
DTXSID3032416,0,train,train,train
DTXSID4046024,0,train,train,train
DTXSID5046988,0,train,train,train
DTXSID6027636,0,train,test,train
DTXSID9035620,0,train,test,train
DTXSID4046315,0,train,train,train
DTXSID8046119,0,train,train,train
DTXSID2023276,0,train,train,train
DTXSID9020110,0,train,train,train
DTXSID6045169,0,train,train,train
DTXSID4020537,0,train,train,train
DTXSID8047505,0,train,train,train
DTXSID1032278,0,train,train,train
DTXSID6020515,0,train,train,train
DTXSID2025501,0,train,train,train
DTXSID2047274,1,train,train,test
DTXSID5032498,0,train,train,train
DTXSID2033447,0,train,test,train
DTXSID5024508,0,train,test,train
DTXSID7020211,1,train,train,train
DTXSID6030607,0,train,train,train
DTXSID1041970,0,train,train,train
DTXSID4027656,0,train,test,train
DTXSID2025264,0,train,train,train
DTXSID8026141,0,train,train,train
DTXSID2047642,0,train,train,train
DTXSID9024930,0,train,train,train
DTXSID3025253,0,train,test,train
DTXSID1045328,0,train,test,train
DTXSID3051836,0,train,train,train
DTXSID8046585,0,train,train,train
DTXSID7044394,0,train,train,train
DTXSID2044397,0,train,train,train
DTXSID8033433,0,train,train,train
DTXSID9047413,1,train,train,train
DTXSID1022003,0,train,train,test
DTXSID8042632,0,train,train,train
DTXSID0047957,0,train,train,train
DTXSID9049409,0,train,test,train
DTXSID3035266,0,train,test,train
DTXSID1025271,0,train,train,train
DTXSID5041643,1,train,train,train
DTXSID3032337,0,train,train,train
DTXSID6057615,0,train,train,test
DTXSID2044763,0,train,train,train
DTXSID5026205,0,train,train,test
DTXSID3030189,0,train,train,train
DTXSID6026878,0,train,train,train
DTXSID0047379,0,train,train,train
DTXSID3044756,0,train,train,train
DTXSID8057643,0,train,train,train
DTXSID0044600,0,train,train,train
DTXSID2047066,0,train,train,train
DTXSID1044772,1,train,train,train
DTXSID6023608,0,train,train,train
DTXSID2049395,0,train,test,train
DTXSID4026000,0,train,test,train
DTXSID9057688,0,train,train,test
DTXSID6037568,0,train,train,train
DTXSID0051574,0,train,train,train
DTXSID4025749,0,train,train,train
DTXSID4049036,0,train,train,train
DTXSID8020967,0,train,train,train
DTXSID3027405,0,train,train,train
DTXSID8057693,0,train,train,train
DTXSID4057714,0,train,test,train
DTXSID8047131,0,train,train,train
DTXSID5021754,0,train,train,train
DTXSID1032511,0,train,train,train
DTXSID3041744,0,train,train,train
DTXSID5047083,0,train,test,train
DTXSID4025581,0,train,train,test
DTXSID7021231,0,train,train,train
DTXSID5046019,0,train,train,train
DTXSID8020917,0,train,train,train
DTXSID0027858,0,train,test,train
DTXSID4049294,0,train,train,test
DTXSID4021890,0,train,test,train
DTXSID6023313,0,train,train,train
DTXSID3044750,0,train,train,train
DTXSID3026566,0,train,train,train
DTXSID2025551,0,train,test,train
DTXSID0037023,0,train,train,train
DTXSID4042208,0,train,test,train
DTXSID1029910,0,train,train,test
DTXSID6026119,0,train,train,train
DTXSID7044922,1,train,train,train
DTXSID0046698,0,train,train,test
DTXSID2035481,0,train,train,train
DTXSID3046297,0,train,train,train
DTXSID4041490,0,train,train,train
DTXSID8034792,0,train,train,train
DTXSID7026108,0,train,train,test
DTXSID5024637,0,train,train,train
DTXSID6047280,0,train,test,train
DTXSID3042059,0,train,test,train
DTXSID9057898,0,train,train,train
DTXSID8029606,0,train,train,train
DTXSID2057784,0,train,test,test
DTXSID0046488,0,train,test,test
DTXSID3024368,0,train,train,train
DTXSID5022306,0,train,test,train
DTXSID3029281,0,train,train,train
DTXSID7047726,0,train,train,train
DTXSID6044438,0,train,test,train
DTXSID0034776,0,train,train,train
DTXSID1027186,0,train,train,test
DTXSID5046691,1,train,train,train
DTXSID6045531,0,train,train,test
DTXSID5023586,0,train,train,train
DTXSID2044210,0,train,test,test
DTXSID7026441,0,train,train,train
DTXSID7028013,0,train,test,train
DTXSID4034869,0,train,train,test
DTXSID5037072,0,train,train,train
DTXSID7045576,0,train,test,train
DTXSID3045647,0,train,train,train
DTXSID0036508,0,train,test,train
DTXSID6048591,0,train,train,train
DTXSID5030955,0,train,test,train
DTXSID2041626,0,train,train,train
DTXSID8025707,0,train,train,train
DTXSID0020363,0,train,test,train
DTXSID1026031,0,train,train,train
DTXSID0027933,0,train,train,train
DTXSID2041913,0,train,train,test
DTXSID3046584,0,train,train,train
DTXSID2047646,0,train,test,train
DTXSID6026664,0,train,test,train
DTXSID4047381,0,train,train,test
DTXSID4045262,0,test,train,train
DTXSID0039223,0,test,train,test
DTXSID8022084,0,test,train,train
DTXSID1023996,0,test,train,train
DTXSID4048806,0,test,train,train
DTXSID6045088,0,test,train,train
DTXSID0022640,0,test,train,train
DTXSID6020561,0,test,train,train
DTXSID9048196,0,test,train,train
DTXSID6046137,0,test,train,train
DTXSID7057650,0,test,train,train
DTXSID2052283,0,test,train,train
DTXSID7022174,0,test,train,train
DTXSID4021632,0,test,test,train
DTXSID4045688,0,test,train,train
DTXSID7029534,0,test,train,train
DTXSID8029317,0,test,train,train
DTXSID9020118,0,test,train,test
DTXSID0037493,0,test,train,train
DTXSID6035156,0,test,train,train
DTXSID3025338,0,test,train,train
DTXSID2046541,0,test,train,train
DTXSID3023261,0,test,train,train
DTXSID5033836,0,test,train,test
DTXSID8026519,0,test,train,train
DTXSID4045187,0,test,train,train
DTXSID6026298,0,test,train,train
DTXSID9032581,0,test,train,train
DTXSID0047581,0,test,train,train
DTXSID9041366,0,test,train,train
DTXSID7037553,0,test,test,train
DTXSID9020372,0,test,train,train
DTXSID2046200,0,test,train,test
DTXSID0022858,0,test,test,train
DTXSID9047049,0,test,train,test
DTXSID2025977,0,test,train,train
DTXSID6021240,0,test,train,train
DTXSID1022265,0,test,train,train
DTXSID6057665,0,test,train,train
DTXSID2026739,1,test,test,train
DTXSID4047098,0,test,train,train
DTXSID1030604,0,test,train,train
DTXSID2020634,1,test,train,train
DTXSID1042445,0,test,train,test
DTXSID9020328,0,test,train,train
DTXSID1021168,0,test,train,train
DTXSID5024471,0,test,test,train
DTXSID0041646,0,test,train,test
DTXSID6046507,0,test,train,train
DTXSID4052554,0,test,test,train
DTXSID1044774,0,test,train,train
DTXSID2049422,0,test,train,train
DTXSID2034540,0,test,test,train
DTXSID8045488,0,test,train,train
DTXSID7022540,0,test,train,train
DTXSID1048203,0,test,train,train
DTXSID8029234,0,test,train,test
DTXSID7026285,0,test,train,train
DTXSID7042514,1,test,train,train
DTXSID8040723,0,test,test,train
DTXSID8047559,0,test,train,train
DTXSID4023917,0,test,train,train
DTXSID9020459,0,test,train,test
DTXSID8047268,0,test,train,train
DTXSID6022341,0,test,test,train
DTXSID5044863,0,test,test,test
DTXSID3040300,0,test,train,train
DTXSID2045492,0,test,train,train
DTXSID6020939,0,test,train,train
DTXSID4047333,0,test,train,train
DTXSID0046727,0,test,train,train
DTXSID4024692,0,test,train,train
DTXSID9052509,0,test,train,train
DTXSID6046501,0,test,test,train
DTXSID6046553,0,test,test,train
DTXSID4027529,0,test,train,test
DTXSID9044615,0,test,train,train
DTXSID9020293,0,test,train,train
DTXSID5032442,0,test,train,train
DTXSID0047325,1,test,test,train
DTXSID8020202,0,test,train,train
DTXSID7024247,0,test,train,train
DTXSID2022674,0,test,train,train
DTXSID0020072,0,test,train,test
DTXSID0021094,0,test,train,train
DTXSID1032646,0,test,train,train
DTXSID3020966,0,test,train,train
DTXSID8048600,0,test,test,train
DTXSID4022442,0,test,train,train
DTXSID6020309,0,test,test,train
DTXSID8041901,0,test,train,train
DTXSID2024662,0,test,train,test
DTXSID5044609,0,test,train,test
DTXSID9025746,0,test,test,train
DTXSID8044703,0,test,test,train
DTXSID6024913,0,test,train,train
DTXSID1045089,0,test,test,train
DTXSID5020815,0,test,train,train
DTXSID8020965,0,test,test,train
DTXSID5047372,0,test,train,train
DTXSID4040002,0,test,train,train
DTXSID2047355,0,test,test,train
DTXSID5020441,0,test,test,train
DTXSID0051782,0,test,train,train
DTXSID9029277,0,test,test,train
DTXSID6024466,0,test,train,train
DTXSID0044606,0,test,train,train
DTXSID4032405,0,test,train,train
DTXSID2027832,0,test,train,test
DTXSID1044801,0,test,train,test
DTXSID1031591,0,test,train,train
DTXSID6040747,0,test,train,train
DTXSID4025165,0,test,train,train
DTXSID6024670,0,test,train,train
DTXSID2034091,0,test,train,test
DTXSID3030428,0,test,train,train
DTXSID4045347,0,test,train,train
DTXSID9047960,0,test,train,train
DTXSID3027037,0,test,train,train
DTXSID9048851,0,test,train,test
DTXSID7024299,0,test,train,train
DTXSID0046725,0,test,train,train
DTXSID1048914,0,test,test,train
DTXSID8044624,0,test,test,train
DTXSID5021201,0,test,train,test
DTXSID8048656,0,test,test,train
DTXSID4051619,0,test,train,train
DTXSID4025404,0,test,test,train
DTXSID7052652,0,test,train,train
DTXSID1024124,0,test,train,train
DTXSID1046394,0,test,test,train
DTXSID1024831,0,test,train,train
DTXSID8047424,0,test,train,train
DTXSID3049417,0,test,test,train
DTXSID0046145,0,test,train,train
DTXSID0044448,0,test,train,test
DTXSID9022609,0,test,train,train
DTXSID4026181,0,test,train,test
DTXSID3023180,0,test,train,train
DTXSID3045807,0,test,train,train
DTXSID7044631,0,test,train,train
DTXSID5046699,0,test,train,train
DTXSID1029671,0,test,train,train
DTXSID1057747,0,test,train,train
DTXSID2034542,0,test,train,train
DTXSID2044131,0,test,train,train
DTXSID6045248,0,test,train,test
DTXSID0048509,0,test,train,train
DTXSID6049303,0,test,train,train
DTXSID0021331,0,test,train,train
DTXSID1021081,0,test,train,train
DTXSID3047471,0,test,train,train
DTXSID9041237,0,test,train,test
DTXSID9046235,0,test,train,train
DTXSID7044217,0,test,train,train
DTXSID2044266,0,test,train,train
DTXSID5022801,0,test,train,train
DTXSID0044313,0,test,train,train
DTXSID6052740,0,test,train,train
DTXSID4027153,0,test,train,train
DTXSID3048944,0,test,train,train
DTXSID4020402,0,test,train,train
DTXSID6042234,0,test,test,train
DTXSID5026912,0,test,train,train
DTXSID9022364,0,test,train,train
DTXSID8057699,0,test,test,train
DTXSID1025483,0,test,train,train
DTXSID9048691,0,test,train,train
DTXSID3044621,0,test,train,train
DTXSID4048808,0,test,test,test
DTXSID8027452,0,test,train,train
DTXSID0046513,0,test,train,train
DTXSID7044423,0,test,train,train
DTXSID1022558,1,test,train,train
DTXSID6024046,0,test,test,train
DTXSID2034598,0,test,test,test
DTXSID0044654,0,test,train,train
DTXSID7024873,0,test,train,train
DTXSID6044852,0,test,train,train
DTXSID8045511,0,test,test,train
DTXSID8047846,0,test,train,train
DTXSID8045195,0,test,train,train
DTXSID2049268,0,test,train,train
DTXSID5045170,0,test,train,train
DTXSID3048603,0,test,train,train
DTXSID6057746,0,test,train,test
DTXSID6023159,0,test,train,train
DTXSID7057735,0,test,train,test
DTXSID2046094,0,test,train,train
DTXSID6047608,0,test,train,train
DTXSID6046131,0,test,train,train
DTXSID3023007,0,test,train,train
DTXSID4023620,0,test,train,train
DTXSID3049207,0,test,test,train
DTXSID5027356,0,test,test,train
DTXSID1046421,0,test,train,test
DTXSID9020112,0,test,train,train
DTXSID8023505,0,test,train,train
DTXSID1020560,0,test,train,test
DTXSID8044701,0,test,train,train
DTXSID7045651,0,test,test,test
DTXSID5024479,0,test,train,train
DTXSID1032488,0,test,train,train
DTXSID3046792,0,test,train,test
DTXSID5020233,0,test,train,train
DTXSID5026548,0,test,train,train
DTXSID0046222,0,test,test,train
DTXSID1045291,0,test,train,train
DTXSID9034492,0,test,train,train
DTXSID7052573,0,test,train,train
DTXSID4047886,0,test,train,test
DTXSID2020474,0,test,train,test
DTXSID4049080,0,test,train,train
DTXSID7024328,0,test,train,test
DTXSID1023441,0,test,train,train
DTXSID3052309,0,test,train,train
DTXSID7047065,0,test,train,train
DTXSID3044413,0,test,test,train
DTXSID1047784,0,test,train,train
DTXSID4044909,0,test,train,train
DTXSID0042248,0,test,train,test
DTXSID4057849,0,test,train,train
DTXSID1041639,0,test,train,train
DTXSID5047291,0,test,train,train
DTXSID7042279,0,test,train,train
DTXSID2046383,0,test,train,train
DTXSID3021485,0,test,train,train
DTXSID3023974,0,test,train,train
DTXSID4034576,0,test,train,test
DTXSID7045497,0,test,train,train
DTXSID1048835,0,test,train,train
DTXSID6045292,0,test,test,train
DTXSID5022857,0,test,train,train
DTXSID8044204,0,test,train,test
DTXSID3045485,0,test,train,train
DTXSID1047318,0,test,test,train
DTXSID8044410,0,test,train,train
DTXSID9051581,0,test,train,train
DTXSID6057829,0,test,train,train
DTXSID0033047,0,test,train,train
DTXSID0021335,0,test,train,train
DTXSID7025346,0,test,train,train
DTXSID3021065,0,test,train,test
DTXSID6029331,0,test,train,train
DTXSID4029143,0,test,train,train
DTXSID3047267,0,test,train,test
DTXSID0023581,0,test,train,test
DTXSID9047461,0,test,train,train
DTXSID2057659,0,test,test,train
DTXSID8044913,0,test,train,train
DTXSID1026033,0,test,test,train
DTXSID4024931,0,test,train,train
DTXSID8020961,0,test,test,train
DTXSID2046410,0,test,test,train
DTXSID3044754,0,test,train,test
DTXSID9023679,0,test,test,test
DTXSID3049209,1,test,train,train
DTXSID2047565,0,test,train,train
DTXSID9048693,0,test,train,train
DTXSID3036496,0,test,train,train
DTXSID5033389,0,test,train,train
DTXSID7037715,0,test,test,train
DTXSID7026231,0,test,train,train
DTXSID0040464,0,test,test,train
DTXSID9021346,0,test,test,train
DTXSID4022525,0,test,train,train
DTXSID8034871,0,test,train,train
DTXSID7020344,1,test,train,train
DTXSID3024108,0,test,test,train
DTXSID9029146,0,test,train,train
DTXSID4037617,1,test,test,train
DTXSID8026727,0,test,test,train
DTXSID5045623,0,test,test,train
DTXSID8044834,0,test,train,train
DTXSID4025167,0,test,train,train
DTXSID8049339,0,test,train,test
DTXSID1023815,0,test,train,train
DTXSID3020625,0,test,train,train
DTXSID8020466,0,test,train,train
DTXSID1046976,1,test,train,train
DTXSID0024000,0,test,train,train
DTXSID4023175,0,test,train,train
DTXSID7052109,0,test,test,train
DTXSID9023889,0,test,train,train
DTXSID0025494,0,test,train,train
DTXSID4037748,0,test,test,train
DTXSID7038814,0,test,train,train
DTXSID4026501,0,test,train,train
DTXSID0020523,0,test,test,train
DTXSID8044757,0,test,train,train
DTXSID2025975,0,test,train,train
DTXSID6057798,0,test,train,train
DTXSID5021338,0,test,train,train
DTXSID3047188,0,test,train,train
DTXSID4057768,0,test,train,train
DTXSID9045768,0,test,train,train
DTXSID1045370,0,test,train,train
DTXSID7057810,0,test,train,train
DTXSID4021559,0,test,train,train
DTXSID3047928,0,test,train,train
DTXSID9025401,0,test,train,train
DTXSID1020350,0,test,train,train
DTXSID5042299,0,test,train,train
DTXSID7046910,0,test,train,train
DTXSID9041491,0,test,train,test
DTXSID9045342,0,test,test,train
DTXSID1036545,0,test,train,train
DTXSID6045662,0,test,test,test
DTXSID2052603,0,test,train,train
DTXSID7041966,0,test,train,train
DTXSID4021636,0,test,test,train
DTXSID1020352,0,test,test,train
DTXSID4048692,0,test,train,train
DTXSID7025134,0,test,train,test
DTXSID0021969,0,test,train,train
DTXSID4026769,0,test,train,train
DTXSID8045777,0,test,train,train
DTXSID4046448,0,test,train,train
DTXSID4032619,0,test,train,train
DTXSID0045753,0,test,train,train
DTXSID5057759,0,test,train,train
DTXSID9023419,0,test,train,train
DTXSID8022870,0,test,train,test
DTXSID7049392,0,test,train,train
DTXSID6022474,0,test,test,train
DTXSID3044679,0,test,test,test
DTXSID3034402,0,test,train,train
DTXSID4041527,0,test,train,test
DTXSID2045365,0,test,train,train
DTXSID6049068,0,test,train,train
DTXSID6046478,0,test,train,train
DTXSID7057785,0,test,train,test
DTXSID9040716,0,test,train,train
DTXSID6022894,0,test,train,test
DTXSID7022598,0,test,train,test
DTXSID9025114,0,test,train,test
DTXSID9057719,0,test,train,train
DTXSID5020601,0,test,train,train
DTXSID6026450,0,test,train,test
DTXSID5044362,0,test,train,train
DTXSID2041389,0,test,train,test
DTXSID2051631,0,test,train,train
DTXSID7022912,0,test,train,train
DTXSID3044962,0,test,test,train
DTXSID4023412,0,test,train,train
DTXSID2044890,0,test,test,train
DTXSID8047840,0,test,train,train
DTXSID8030138,0,test,train,train
DTXSID2029242,0,test,train,train
DTXSID7020841,0,test,train,train
DTXSID2020921,0,test,train,train
DTXSID6021404,0,test,test,train
DTXSID5046067,0,test,train,test
DTXSID5041778,0,test,train,train
DTXSID9057713,0,test,test,train
DTXSID7041962,0,test,train,train
DTXSID9044588,0,test,train,train
DTXSID5025449,1,test,train,test
DTXSID8033564,0,test,train,train
DTXSID8044961,0,test,train,test
DTXSID4042337,0,test,train,train
DTXSID3041376,0,test,test,train
DTXSID8044676,0,test,train,train
DTXSID7024110,0,test,test,train
DTXSID8021771,1,test,train,train
DTXSID8024101,0,test,train,train
DTXSID8044836,0,test,train,train
DTXSID0022854,0,test,train,train
DTXSID5033179,0,test,train,train
DTXSID4022446,0,test,train,train
DTXSID3047972,1,test,train,train
DTXSID7021946,0,test,train,train
DTXSID7049429,0,test,train,train
DTXSID6026115,0,test,train,train
DTXSID4023096,0,test,train,test
DTXSID1049354,0,test,train,train
DTXSID7031903,0,test,train,train
DTXSID3045227,0,test,train,train
DTXSID1047447,0,test,train,train
DTXSID5044992,0,test,train,test
DTXSID6032649,0,test,train,train
DTXSID2026783,0,test,train,train
DTXSID1046550,0,test,test,train
DTXSID1048912,0,test,test,test
DTXSID1047819,0,test,test,train
DTXSID0057702,0,test,train,test
DTXSID9023388,0,test,train,test
DTXSID3026724,0,test,train,train
DTXSID0020282,0,test,test,train
DTXSID5020156,0,test,train,train
DTXSID7052654,0,test,train,train
DTXSID9025243,0,test,train,train
DTXSID9024641,0,test,train,train
DTXSID4023385,0,test,train,train
DTXSID7029661,0,test,test,train
DTXSID1024881,0,test,train,test
DTXSID3027534,0,test,test,train
DTXSID7027542,0,test,train,train
DTXSID8020173,0,test,train,train
DTXSID5044154,0,test,test,test
DTXSID8045149,0,test,train,train
DTXSID1042443,0,test,test,train
DTXSID3047263,0,test,train,train
DTXSID7048908,0,test,train,train
DTXSID3040643,0,test,train,test
DTXSID7029160,0,test,train,train
DTXSID3020914,0,test,train,train
DTXSID1045611,0,test,train,train
DTXSID0022646,0,test,train,train
DTXSID4045892,0,test,train,test
DTXSID8026729,0,test,train,test
DTXSID9045687,0,test,train,test
DTXSID6023602,0,test,train,train
DTXSID5045209,0,test,train,train
DTXSID7027122,0,test,train,test
DTXSID6050386,0,test,train,train
DTXSID4025242,0,test,train,train
DTXSID7049421,0,test,train,train
DTXSID2047195,0,test,train,test
DTXSID9022100,0,test,test,train
DTXSID4021214,0,test,train,train
DTXSID4044826,0,test,train,test
DTXSID0057671,0,test,train,train
DTXSID9025293,0,test,train,train
DTXSID6025143,0,test,train,train
DTXSID1029201,0,test,train,train
DTXSID6046424,0,test,train,train
DTXSID8045646,0,test,train,test
DTXSID7049396,0,test,test,train
DTXSID3023897,0,test,train,train
DTXSID3024077,0,test,test,test
DTXSID5025732,0,test,test,train
DTXSID9032531,0,test,train,train
DTXSID3057852,0,test,train,train
DTXSID4041367,0,test,train,test
DTXSID5023877,0,test,train,train
DTXSID1042281,0,test,test,train
DTXSID8021642,0,test,train,train
DTXSID1035288,0,test,train,train
DTXSID2044395,0,test,train,train
DTXSID7022679,0,test,train,train
DTXSID6045745,0,test,test,test
DTXSID4047252,0,test,train,train
DTXSID4021181,0,test,train,train
DTXSID2046179,0,test,train,test
DTXSID0021096,0,test,test,train
DTXSID2045575,0,test,train,train
DTXSID6040743,1,test,train,train
DTXSID6047787,0,test,train,train
DTXSID1023609,0,test,train,train
DTXSID5022271,0,test,train,train
DTXSID4027521,0,test,test,train
DTXSID7046176,0,test,train,train
DTXSID6048204,0,test,train,test
DTXSID6025569,0,test,test,train
DTXSID2034833,0,test,test,train
DTXSID1024837,0,test,train,train
DTXSID2029240,0,test,train,train
DTXSID0047456,0,test,train,train
DTXSID4022810,0,test,train,train
DTXSID8051914,0,test,train,train
DTXSID1049275,0,test,train,train
DTXSID8049044,0,test,train,test
DTXSID2044975,0,test,train,train
DTXSID7023568,0,test,train,test
DTXSID6044353,0,test,train,train
DTXSID3040776,0,test,train,train
DTXSID4022313,0,test,test,train
DTXSID7037551,0,test,train,test
DTXSID6027181,0,test,train,train
DTXSID7042011,0,test,train,train
DTXSID0047878,1,test,train,train
DTXSID5047744,0,test,train,train
DTXSID7046912,0,test,train,test
DTXSID3024447,1,test,train,train
DTXSID8034401,0,test,train,train
DTXSID8044882,0,test,train,train
DTXSID4020371,0,test,train,train
DTXSID5023740,0,test,test,train
DTXSID7047693,0,test,test,train
DTXSID3023471,0,test,train,train
DTXSID1037565,0,test,test,train
DTXSID4045189,0,test,train,train
DTXSID6033538,0,test,train,train
DTXSID2027094,0,test,train,train
DTXSID4031356,0,test,train,test
DTXSID7023481,0,test,train,train
DTXSID8046034,0,test,train,train
DTXSID9048807,0,test,train,train
DTXSID3034957,0,test,train,train
DTXSID9048932,0,test,test,train
DTXSID3046744,0,test,train,train
DTXSID6025723,0,test,train,train
DTXSID7048792,0,test,train,test
DTXSID3045300,0,test,train,test
DTXSID4025240,0,test,test,train
DTXSID2031956,0,test,train,train
DTXSID3027322,0,test,test,train
DTXSID5040704,0,test,train,train
DTXSID7026863,0,test,train,test
DTXSID7027047,0,test,train,test
DTXSID2034700,0,test,train,train
DTXSID4030047,0,test,train,train
DTXSID6047286,0,test,train,test
DTXSID9040502,0,test,train,train
DTXSID1047786,0,test,train,train
DTXSID9045392,0,test,test,train
DTXSID0027561,0,test,train,train
DTXSID1027928,0,test,test,train
DTXSID6044488,0,test,train,train
DTXSID9057765,0,test,train,train
DTXSID9043855,0,test,train,train
DTXSID1021902,0,test,train,test
DTXSID6035152,0,test,test,train
DTXSID1045372,0,test,train,test
DTXSID3020964,0,test,train,train
DTXSID2052289,0,test,train,train
DTXSID2032637,0,test,train,train
DTXSID0026961,0,test,train,train
DTXSID7021817,0,test,test,test
DTXSID4027781,1,test,train,train
DTXSID5052125,0,test,train,train
DTXSID8024862,0,test,train,train
DTXSID5020782,0,test,train,test
DTXSID1020982,0,test,train,train
DTXSID8047341,0,test,train,train
DTXSID8020755,0,test,test,train
DTXSID0038839,0,test,train,train
DTXSID4047468,0,test,train,test
DTXSID2029290,0,test,test,train
DTXSID7045281,0,test,train,train
DTXSID3020380,0,test,test,train
DTXSID3046083,0,test,train,train
DTXSID1033163,0,test,train,test
DTXSID9044619,0,test,train,train
DTXSID9021267,0,test,train,train
DTXSID6023103,0,test,train,train
DTXSID5020605,0,test,train,train
DTXSID0046563,0,test,train,train
DTXSID3025332,0,test,train,train
DTXSID4044375,0,test,train,train
DTXSID7045659,0,test,train,train
DTXSID4046020,0,test,train,test
DTXSID4049298,0,test,test,test
DTXSID3020099,0,test,train,train
DTXSID1021958,0,test,train,train
DTXSID2045783,0,test,train,train
DTXSID8020123,0,test,train,train
DTXSID8048947,0,test,train,train
DTXSID0045383,0,test,test,train
DTXSID7038317,0,test,train,test
DTXSID4036229,0,test,test,train
DTXSID1020142,0,test,test,train
DTXSID8042509,0,test,train,train
DTXSID9020245,0,test,test,train
DTXSID2023775,0,test,train,train
DTXSID1044728,0,test,test,train
DTXSID4020820,0,test,train,train
DTXSID9048728,0,test,test,train
DTXSID5041641,0,test,train,test
DTXSID4046490,0,test,train,train
DTXSID1041423,0,test,train,test
DTXSID3044332,0,test,train,train
DTXSID0030588,0,test,train,train
DTXSID1027978,0,test,train,test
DTXSID0048929,0,test,train,train
DTXSID0045595,0,test,train,train
DTXSID3020756,0,test,train,train
DTXSID8023262,0,test,train,train
DTXSID0046430,0,test,train,train
DTXSID3040699,0,test,train,train
DTXSID6046638,0,test,train,train
DTXSID1023071,0,test,train,train
DTXSID4044535,0,test,test,test
DTXSID2044927,0,test,test,test
DTXSID3024499,0,test,train,train
DTXSID4027494,0,test,train,test
DTXSID4020668,0,test,train,test
DTXSID0023749,0,test,train,train
DTXSID7047645,0,test,train,train
DTXSID1047493,0,test,train,test
DTXSID6032641,0,test,train,test
DTXSID7031458,0,test,train,train
DTXSID2041884,0,test,test,train
DTXSID7048740,0,test,train,train
DTXSID1022635,0,test,train,train
DTXSID0025101,0,test,train,train
DTXSID0024183,0,test,train,train
DTXSID9048803,0,test,train,train
DTXSID7024087,0,test,train,train
DTXSID0022563,0,test,train,train
DTXSID4021925,0,test,train,train
DTXSID7021863,0,test,train,train
DTXSID9047704,0,test,train,train
DTXSID6041680,0,test,test,train
DTXSID7021655,0,test,train,train
DTXSID8029602,0,test,train,train
DTXSID8035217,0,test,test,train
DTXSID2057732,0,test,train,train
DTXSID4032376,0,test,train,train
DTXSID3023502,0,test,train,train
DTXSID1024621,0,test,train,test
DTXSID2045527,0,test,train,train
DTXSID4020957,0,test,train,train
DTXSID3049253,0,test,test,train
DTXSID5057755,0,test,test,train
DTXSID1026908,0,test,train,train
DTXSID9029192,0,test,train,test
DTXSID4041444,0,test,train,train
DTXSID3022455,0,test,train,train
DTXSID5022774,0,test,train,train
DTXSID2025133,0,test,train,train
DTXSID5025861,0,test,test,train
DTXSID3044598,0,test,train,train
DTXSID4047599,0,test,train,train
DTXSID6048880,0,test,train,train
DTXSID4052132,0,test,test,test
DTXSID9024855,0,test,train,train
DTXSID6020141,0,test,train,train
DTXSID3048861,0,test,train,train
DTXSID4023753,0,test,train,train
DTXSID6048830,0,test,train,train
DTXSID1020778,0,test,train,train
DTXSID0047086,0,test,train,train
DTXSID5020738,0,test,test,train
DTXSID1041681,0,test,train,train
DTXSID3022825,0,test,train,train
DTXSID9057630,0,test,train,test
DTXSID7024245,0,test,train,test
DTXSID1024049,0,test,train,train
DTXSID0027436,0,test,test,train
DTXSID8024523,0,test,train,train
DTXSID4020535,0,test,train,test
DTXSID5021883,0,test,train,train
DTXSID6041551,0,test,train,test
DTXSID4027288,0,test,train,train
DTXSID8042189,0,test,train,train
DTXSID5023039,0,test,train,train
DTXSID0026098,0,test,test,train
DTXSID3041403,0,test,train,train
DTXSID9044794,0,test,train,train
DTXSID0022933,0,test,train,train
DTXSID0057625,0,test,train,train
DTXSID5057836,0,test,train,train
DTXSID0043765,0,test,train,test
DTXSID6024967,0,test,train,test
DTXSID3045930,0,test,train,train
DTXSID1020857,0,test,train,train
DTXSID0049365,0,test,train,train
DTXSID9023966,0,test,train,test
DTXSID7057783,0,test,train,test
DTXSID7021029,0,test,train,train
DTXSID5042459,0,test,train,train
DTXSID6052538,0,test,train,train
DTXSID2024666,0,test,train,train
DTXSID3046409,0,test,train,train
DTXSID1041891,0,test,train,train
DTXSID4026921,0,test,train,test
DTXSID6045117,0,test,train,train
DTXSID6020066,0,test,train,train
DTXSID6021373,1,test,test,train
DTXSID1038743,0,test,train,train
DTXSID2047303,0,test,train,test
DTXSID0045705,0,test,train,train
DTXSID4026137,0,test,train,train
DTXSID3037626,0,test,train,test
DTXSID8029650,0,test,train,test
DTXSID8047472,0,test,train,train
DTXSID1045166,0,test,train,train
DTXSID1025065,0,test,train,train
DTXSID6046266,0,test,test,test
DTXSID0051447,0,test,train,train
DTXSID1040740,0,test,train,train
DTXSID1022009,0,test,train,train
DTXSID5044780,0,test,train,train
DTXSID0041698,0,test,train,train
DTXSID7047774,0,test,test,train
DTXSID0023955,0,test,train,train
DTXSID9047176,0,test,train,train
DTXSID8024317,0,test,train,train
DTXSID7044267,0,test,train,train
DTXSID4045896,0,test,train,train
DTXSID6021799,0,test,train,train
DTXSID7046128,0,test,train,test
DTXSID5044655,0,test,train,train
DTXSID3023716,0,test,train,train
DTXSID2020680,0,test,train,train
DTXSID1045459,0,test,train,train
DTXSID2028985,0,test,test,test
DTXSID6024460,0,test,train,train
DTXSID1051771,1,test,train,train
DTXSID6024838,0,test,train,test
DTXSID7041889,0,test,train,train
DTXSID6047446,0,test,train,train
DTXSID1041425,0,test,train,train
DTXSID7044473,0,test,train,train
DTXSID1046633,0,test,train,train
DTXSID8048818,0,test,train,train
DTXSID4044408,0,test,test,test
DTXSID1032309,0,test,train,train
DTXSID2021789,0,test,train,train
DTXSID3048819,0,test,train,train
DTXSID2052447,0,test,train,test
DTXSID3021144,0,test,test,train
DTXSID1027188,0,test,test,train
DTXSID4020119,0,test,train,train
DTXSID0041436,0,test,train,train
DTXSID8025464,0,test,train,test
DTXSID3048574,0,test,train,train
DTXSID1045619,0,test,train,test
DTXSID2024664,0,test,test,test
DTXSID0021543,0,test,train,test
DTXSID1026954,0,test,train,train
DTXSID5023532,0,test,test,train
DTXSID8024993,0,test,train,train
DTXSID7021861,0,test,train,test
DTXSID5046196,0,test,train,test
DTXSID9021396,0,test,train,test
DTXSID2023195,0,test,train,train
DTXSID5044998,0,test,train,test
DTXSID9057636,0,test,train,test
DTXSID1026112,0,test,train,test
DTXSID5047530,0,test,train,test
DTXSID4046810,0,test,train,test
DTXSID0027309,0,test,train,test
DTXSID5026209,0,test,train,train
DTXSID5048895,0,test,train,train
DTXSID5021839,1,test,train,train
DTXSID6045163,0,test,test,train
DTXSID3021358,0,test,train,train
DTXSID1048671,0,test,train,test
DTXSID5045122,0,test,train,train
DTXSID0046480,0,test,train,train
DTXSID8022082,0,test,train,train
DTXSID4034528,1,test,train,test
DTXSID9023590,0,test,train,train
DTXSID4042335,0,test,train,train
DTXSID4020664,0,test,test,train
DTXSID8029105,0,test,train,train
DTXSID1020770,0,test,train,test
DTXSID1045588,0,test,train,train
DTXSID8022325,0,test,train,train
DTXSID6021957,0,test,train,train
DTXSID7032393,0,test,train,train
DTXSID7047192,0,test,test,train
DTXSID2023307,0,test,train,train
DTXSID0023371,0,test,train,train
DTXSID2033445,0,test,train,test
DTXSID5023376,0,test,train,train
DTXSID0040678,0,test,train,train
DTXSID1045320,0,test,test,train
DTXSID4042254,0,test,train,train
DTXSID7041627,0,test,test,train
DTXSID4042206,0,test,test,test
DTXSID9044667,0,test,train,train
DTXSID1027764,0,test,train,test
DTXSID7023352,0,test,train,train
DTXSID0046648,1,test,train,train
DTXSID3023479,0,test,train,test
DTXSID0042583,0,test,train,train
DTXSID7029164,0,test,train,train
DTXSID1025304,0,test,train,train
DTXSID0047113,0,test,train,train
DTXSID7047304,0,test,train,train
DTXSID9029275,0,test,train,train
DTXSID9046526,0,test,train,test
DTXSID3021198,0,test,train,train
DTXSID4047387,0,test,train,train
DTXSID4021135,0,test,test,train
DTXSID4049034,0,test,train,train
DTXSID5021128,0,test,train,train
DTXSID8022036,0,test,train,train
DTXSID8047890,0,test,train,train
DTXSID1041346,0,test,train,train
DTXSID3045437,0,test,test,train
DTXSID0027567,0,test,test,train
DTXSID7023437,0,test,train,train
DTXSID9024304,1,test,train,train
DTXSID5045752,0,test,train,train
DTXSID1057797,0,test,test,train
DTXSID5023370,0,test,train,train
DTXSID1057666,0,test,train,test
DTXSID3026304,1,test,train,train
DTXSID9057632,0,test,train,train
DTXSID0045670,0,test,train,train
DTXSID7025429,0,test,train,train
DTXSID9027603,0,test,train,train
DTXSID1049350,0,test,test,train
DTXSID2031089,0,test,test,train
DTXSID6020480,0,test,train,train
DTXSID4021137,0,test,train,train
DTXSID5020152,0,test,train,train
DTXSID6052619,0,test,train,train
DTXSID4044450,0,test,train,test
DTXSID5045704,0,test,test,train
DTXSID3041611,0,test,train,train
DTXSID0026676,0,test,train,test
DTXSID4025791,0,test,train,train
DTXSID1041396,0,test,train,train
DTXSID5044990,0,test,train,train
DTXSID5020576,0,test,test,train
DTXSID4021848,0,test,train,test
DTXSID4042252,0,test,train,test
DTXSID4044747,0,test,test,train
DTXSID9040714,0,test,test,train
DTXSID8026725,0,test,train,test
DTXSID4047678,0,test,train,train
DTXSID9045425,0,test,test,train
DTXSID1020697,0,test,test,train
DTXSID2022256,0,test,test,test
DTXSID2041468,0,test,train,train
DTXSID7020689,0,test,train,train
DTXSID6046470,0,test,train,train
DTXSID1049069,0,test,train,train
DTXSID3047057,0,test,train,train
DTXSID8021563,0,test,test,train
DTXSID4022159,0,test,train,train
DTXSID7020427,0,test,train,train
DTXSID8024521,0,test,train,train
DTXSID3034456,0,test,train,train
DTXSID7048790,0,test,train,train
DTXSID0051736,0,test,train,test
DTXSID0047662,0,test,train,train
DTXSID2057730,0,test,train,train
DTXSID0029218,0,test,train,train
DTXSID4051900,0,test,train,train
DTXSID0045597,0,test,train,train
DTXSID8025757,0,test,train,train
DTXSID5020366,0,test,train,train
DTXSID9026633,0,test,train,train
DTXSID9046104,0,test,train,test
DTXSID6046503,0,test,train,train
DTXSID5027302,0,test,train,train
DTXSID3022089,0,test,test,train
DTXSID3025178,0,test,train,train
DTXSID7048827,0,test,train,train
DTXSID8046321,0,test,train,test
DTXSID2057607,0,test,train,train
DTXSID9047205,0,test,train,train
DTXSID7048879,0,test,train,train
DTXSID2048618,0,test,train,test
DTXSID0023244,0,test,train,train
DTXSID1027639,0,test,train,test
DTXSID4021397,0,test,train,test
DTXSID8057691,0,test,train,train
DTXSID1025308,0,test,train,test
DTXSID1057820,0,test,train,train
DTXSID2046545,0,test,train,train
DTXSID0047876,0,test,train,train
DTXSID9021552,0,test,train,train
DTXSID7046966,0,test,train,train
DTXSID2025892,0,test,train,train
DTXSID7044502,1,test,train,train
DTXSID2020189,1,test,train,train
DTXSID3020671,0,test,train,train
DTXSID5022647,0,test,test,test
DTXSID3025209,0,test,test,train
DTXSID1052585,0,test,train,train
DTXSID1022764,0,test,train,train
DTXSID6026824,0,test,train,train
DTXSID2037508,0,test,train,test
DTXSID3047346,0,test,test,train
DTXSID6044856,0,test,train,train
DTXSID4021975,0,test,test,train
DTXSID9044829,0,test,train,train
DTXSID8040274,0,test,train,train
DTXSID9020827,0,test,train,test
DTXSID2045280,0,test,test,train
DTXSID7044841,0,test,test,test
DTXSID6044777,0,test,train,train
DTXSID9049324,0,test,test,train
DTXSID8025967,0,test,train,test
DTXSID6025272,0,test,test,train
DTXSID6023733,0,test,test,train
DTXSID5047089,0,test,train,train
DTXSID0020070,0,test,test,test
DTXSID2044391,0,test,test,test
DTXSID5057670,0,test,train,test
DTXSID4020614,0,test,test,test
DTXSID0042454,0,test,train,train
DTXSID1045083,0,test,train,train
DTXSID8024072,0,test,train,train
DTXSID1024966,0,test,train,test
DTXSID6042369,0,test,train,train
DTXSID7020847,0,test,train,train
DTXSID4047672,0,test,train,train
DTXSID1047368,0,test,train,train
DTXSID0047088,0,test,train,train
DTXSID8046951,0,test,train,train
DTXSID9040342,0,test,train,train
DTXSID7027544,0,test,train,test
DTXSID5024055,0,test,train,train
DTXSID5026837,0,test,test,train
DTXSID5040708,0,test,train,train
DTXSID5026706,0,test,train,train
DTXSID4057762,0,test,train,train
DTXSID4049377,0,test,train,test
DTXSID4046107,0,test,train,train
DTXSID7049261,0,test,train,train
DTXSID8047137,0,test,train,test
DTXSID2047359,0,test,train,test
DTXSID1048918,0,test,train,train
DTXSID7041388,0,test,train,train
DTXSID8029236,0,test,train,train
DTXSID6040111,0,test,train,train
DTXSID5044528,0,test,train,train
DTXSID1029124,0,test,train,test
DTXSID8057720,0,test,train,train
DTXSID7027099,0,test,train,train
DTXSID0027222,0,test,train,test
DTXSID2027048,0,test,train,train
DTXSID6023999,0,test,test,train
DTXSID0049236,0,test,train,train
DTXSID7045526,0,test,train,train
DTXSID3020627,0,test,train,train
DTXSID1057828,0,test,train,train
DTXSID4040765,0,test,train,train
DTXSID5025079,0,test,train,train
DTXSID7022592,0,test,train,train
DTXSID4020539,0,test,train,test
DTXSID5044572,0,test,train,train
DTXSID6045953,0,test,train,train
DTXSID5026625,0,test,test,test
DTXSID9025825,0,test,test,test
DTXSID0033332,0,test,train,train
DTXSID5034270,0,test,train,train
DTXSID6044985,0,test,train,train
DTXSID9044403,0,test,train,train
DTXSID9023255,0,test,train,train
DTXSID1021952,0,test,train,train
DTXSID0048684,0,test,train,train
DTXSID0041567,1,test,train,train
DTXSID5024506,0,test,train,train
DTXSID3034113,0,test,train,train
DTXSID5020154,1,test,train,train
DTXSID6024880,0,test,train,train
DTXSID4045636,0,test,test,train
DTXSID0044571,0,test,train,train
DTXSID2044846,0,test,test,test
DTXSID8023846,0,test,train,test
DTXSID0048848,0,test,train,train
DTXSID5021336,1,test,train,train
DTXSID4048513,0,test,train,train
DTXSID5046693,0,test,test,test
DTXSID3046748,0,test,train,train
DTXSID4044400,0,test,train,train
DTXSID3024942,0,test,train,test
DTXSID8023474,0,test,train,train
DTXSID5021881,0,test,train,train
DTXSID0047585,0,test,train,train
DTXSID5057701,0,test,train,train
DTXSID2026444,0,test,train,train
DTXSID0023113,0,test,test,test
DTXSID4022361,0,test,train,train
DTXSID3024998,0,test,test,train
DTXSID7057787,0,test,train,train
DTXSID4020612,0,test,train,train
DTXSID8046820,0,test,train,train
DTXSID5046271,0,test,test,train
DTXSID3031862,0,test,train,test
DTXSID5022699,0,test,train,train
DTXSID5024211,0,test,train,test
DTXSID5052832,0,test,train,test
DTXSID2047775,0,test,train,train
DTXSID0046309,0,test,train,train
DTXSID8049040,0,test,test,train
DTXSID8044597,0,test,train,train
DTXSID0026339,0,test,test,train
DTXSID9021899,0,test,train,train
DTXSID3027586,0,test,train,train
DTXSID7034545,0,test,train,train
DTXSID2022593,0,test,train,train
DTXSID9020114,0,test,train,train
DTXSID9025534,0,test,train,train
DTXSID8024733,0,test,train,train
DTXSID2022753,0,test,test,train
DTXSID9042170,0,test,train,train
DTXSID3041615,0,test,test,train
DTXSID8026563,0,test,test,train
DTXSID1032648,0,test,train,train
DTXSID5041691,0,test,train,train
DTXSID5022855,0,test,test,train
DTXSID2023143,0,test,train,test
DTXSID6047785,0,test,test,train
DTXSID5046772,0,test,train,train
DTXSID8021931,0,test,train,train
DTXSID7020681,0,test,train,test
DTXSID3020336,0,test,train,train
DTXSID7046594,0,test,train,test
DTXSID7024875,0,test,train,train
DTXSID2041208,0,test,train,train
DTXSID4026216,0,test,train,train
DTXSID3044388,0,test,train,train
DTXSID9021718,0,test,train,test
DTXSID4027991,0,test,test,train
DTXSID5024683,0,test,train,test
DTXSID7025639,0,test,train,train
DTXSID6048171,0,test,train,train
DTXSID9021683,0,test,train,train
DTXSID8047713,0,test,train,train
DTXSID9023548,0,test,train,test
DTXSID1023368,0,test,train,train
DTXSID1025013,1,test,train,train
DTXSID5024346,0,test,train,train
DTXSID2057655,0,test,test,train
DTXSID4044660,0,test,test,train
DTXSID9025037,0,test,train,train
DTXSID3030056,0,test,train,test
DTXSID5051440,0,test,test,train
DTXSID1037197,0,test,train,train
DTXSID5023748,0,test,train,train
DTXSID2034465,0,test,train,train
DTXSID5021093,0,test,train,train
DTXSID8047769,0,test,train,test
DTXSID9057717,0,test,test,train
DTXSID6041210,0,test,train,test
DTXSID6025480,0,test,train,test
DTXSID9020617,0,test,train,train
DTXSID6032431,0,test,train,train
DTXSID7022093,0,test,train,train
DTXSID9020249,0,test,test,train
DTXSID8020381,0,test,train,train
DTXSID5023037,0,test,train,train
DTXSID6023153,0,test,train,train
DTXSID9041441,0,test,train,train
DTXSID1021798,0,test,test,test
DTXSID4046109,0,test,train,train
DTXSID6020779,0,test,test,train
DTXSID0021915,0,test,train,train
DTXSID8048814,0,test,test,train
DTXSID7026029,0,test,train,train
DTXSID8044389,0,test,train,test
DTXSID9045899,0,test,train,train
DTXSID0026125,0,test,train,train
DTXSID7020184,0,test,train,train
DTXSID1048596,0,test,train,train
DTXSID7042019,1,test,train,train
DTXSID7020635,0,test,train,test
DTXSID9026924,0,test,train,train
DTXSID4023252,0,test,train,test
DTXSID4044371,0,test,test,train
DTXSID3021518,0,test,train,train
DTXSID7020267,0,test,train,test
DTXSID5022649,0,test,train,test
DTXSID8057728,0,test,train,train
DTXSID8026933,0,test,train,test
DTXSID0026913,0,test,test,train
DTXSID7044849,0,test,train,train
DTXSID1029120,0,test,test,train
DTXSID5025021,0,test,train,train
DTXSID4047258,1,test,train,test
DTXSID4049242,0,test,train,train
DTXSID3045778,0,test,train,train
DTXSID3048520,0,test,train,train
DTXSID2047569,0,test,train,train
DTXSID7045364,0,test,test,train
DTXSID9046360,0,test,test,train
DTXSID1021586,0,test,train,train
DTXSID1057616,0,test,test,test
DTXSID7044716,0,test,train,train
DTXSID2029167,0,test,train,train
DTXSID4024222,0,test,train,test
DTXSID2045496,0,test,train,train
DTXSID2045105,0,test,train,train
DTXSID9044873,0,test,train,train
DTXSID8025969,0,test,train,train
DTXSID0052837,0,test,train,train
DTXSID8031497,0,test,train,train
DTXSID5034303,0,test,train,train
DTXSID8020040,0,test,train,train
DTXSID4052213,0,test,train,train
DTXSID1027184,0,test,test,test
DTXSID7023516,0,test,train,train
DTXSID0048717,0,test,train,train
DTXSID6023862,0,test,train,test
DTXSID0020074,0,test,train,train
DTXSID4021212,0,test,train,train
DTXSID6027137,0,test,test,train
DTXSID8045193,0,test,train,train
DTXSID3049045,0,test,test,train
DTXSID7021869,1,test,test,test
DTXSID4029353,0,test,test,train
DTXSID2045945,0,test,train,train
DTXSID7047807,0,test,train,train
DTXSID2041418,0,test,train,train
DTXSID1032640,0,test,train,train
DTXSID0046804,0,test,train,train
DTXSID2026496,0,test,test,train
DTXSID7022918,0,test,train,test
DTXSID0047799,0,test,train,test
DTXSID0057750,1,test,train,train
DTXSID7027756,0,test,train,train
DTXSID1026164,0,test,train,train
DTXSID2049420,0,test,test,test
DTXSID9045922,0,test,train,train
DTXSID5024182,0,test,train,train
DTXSID1045952,0,test,test,train
DTXSID8044595,0,test,test,train
DTXSID0057673,0,test,train,train
DTXSID6040404,1,test,test,train
DTXSID3045198,0,test,train,train
DTXSID9020958,0,test,train,train
DTXSID6022892,0,test,test,train
DTXSID8047139,1,test,test,train
DTXSID3047423,0,test,train,train
DTXSID3047261,0,test,test,test
DTXSID9044378,0,test,train,train
DTXSID4044662,0,test,train,train
DTXSID4022284,0,test,train,train
DTXSID2049264,0,test,test,train
DTXSID4046529,0,test,train,train
DTXSID2045862,0,test,train,train
DTXSID7044346,0,test,train,test
DTXSID4057637,0,test,train,train
DTXSID8049048,0,test,train,train
DTXSID2034881,0,test,test,train
DTXSID4044955,0,test,train,train
DTXSID2040608,0,test,train,train
DTXSID4047462,0,test,train,train
DTXSID7037478,0,test,train,test
DTXSID8046242,0,test,train,test
DTXSID1022051,0,test,train,test
DTXSID8020880,0,test,test,train
DTXSID1032359,1,test,train,train
DTXSID8020707,0,test,test,train
DTXSID5049021,1,test,train,train
DTXSID8022822,0,test,test,train
DTXSID4025743,0,test,test,train
DTXSID5020283,0,test,test,train
DTXSID5044734,0,test,train,train
DTXSID3057723,0,test,train,train
DTXSID5041437,0,test,test,train
DTXSID5022437,0,test,train,train
DTXSID9042336,0,test,train,train
DTXSID6042365,0,test,train,train
DTXSID2027092,0,test,train,test
DTXSID0026171,0,test,train,train
DTXSID8044543,0,test,train,train
DTXSID3047136,0,test,test,test
DTXSID1027970,0,test,train,train
DTXSID8042343,0,test,train,test
DTXSID4027072,0,test,train,train
DTXSID3025758,0,test,train,train
DTXSID2036588,0,test,train,train
DTXSID1047287,0,test,train,train
DTXSID9022730,0,test,test,train
DTXSID8021060,0,test,test,test
DTXSID6035784,0,test,train,train
DTXSID0042117,0,test,train,test
DTXSID2048660,0,test,test,train
DTXSID0024923,0,test,train,test
DTXSID1047362,0,test,train,test
DTXSID8047896,0,test,test,train
DTXSID7047518,0,test,train,train
DTXSID0025315,0,test,train,train
DTXSID8029232,0,test,train,train
DTXSID7042063,0,test,test,train
DTXSID8045935,0,test,test,train
DTXSID8048521,0,test,train,train
DTXSID6028028,0,test,test,test
DTXSID5021253,0,test,train,train
DTXSID2041880,0,test,train,train
DTXSID6025145,0,test,train,train
DTXSID6049060,0,test,test,train
DTXSID9031800,0,test,train,train
DTXSID0023030,0,test,train,train
DTXSID7025421,0,test,test,train
DTXSID2030695,0,test,train,test
DTXSID8034324,0,test,train,train
DTXSID4021395,0,test,train,train
DTXSID7027049,0,test,train,train
DTXSID9047706,0,test,train,train
DTXSID6020648,0,test,train,train
DTXSID1046639,0,test,train,train
DTXSID6023315,0,test,train,train
DTXSID8026802,0,test,train,train
DTXSID2032639,0,test,train,test
DTXSID5046851,0,test,train,test
DTXSID7045655,0,test,test,train
DTXSID2020420,0,test,train,train
DTXSID4041442,1,test,train,test
DTXSID9022522,0,test,train,train
DTXSID3044752,0,test,train,train
DTXSID4049379,0,test,train,train
DTXSID4045686,0,test,test,train
DTXSID4045343,0,test,train,train
DTXSID9047174,0,test,train,train
DTXSID8048945,0,test,train,train
DTXSID4046600,0,test,train,train
DTXSID5044493,0,test,train,train
DTXSID3020916,0,test,test,train
DTXSID6023652,0,test,train,train
DTXSID8026220,1,test,test,train
DTXSID6023606,0,test,train,train
DTXSID3021516,0,test,train,train
DTXSID9040554,0,test,test,train
DTXSID9030258,0,test,train,train
DTXSID7025689,0,test,train,train
DTXSID5022510,0,test,test,train
DTXSID6021741,0,test,train,train
DTXSID0025363,0,test,train,train
DTXSID6027341,0,test,train,train
DTXSID1023730,0,test,train,train
DTXSID4027367,0,test,train,train
DTXSID6024127,0,test,train,train
DTXSID6020222,0,test,train,train
DTXSID3025330,0,test,train,train
DTXSID4057716,0,test,train,test
DTXSID4039231,0,test,train,test
DTXSID6047369,0,test,train,train
DTXSID7045863,0,test,train,train
DTXSID5023908,0,test,train,train
DTXSID7044215,0,test,train,train
DTXSID7040732,0,test,train,train
DTXSID6025301,0,test,train,train
DTXSID7047433,0,test,train,train
DTXSID6021610,0,test,train,train
DTXSID9044740,0,test,train,train
DTXSID2051687,0,test,test,train
DTXSID1042285,0,test,train,train
DTXSID4026765,0,test,train,test
DTXSID2027595,0,test,train,train
DTXSID3040724,0,test,train,train
DTXSID4030336,0,test,train,train
DTXSID0035160,0,test,train,test
DTXSID0024971,0,test,train,train
DTXSID3025045,0,test,test,train
DTXSID3029310,0,test,train,train
DTXSID7021867,0,test,test,train
DTXSID1045376,0,test,train,test
DTXSID8034372,0,test,test,train
DTXSID5024978,0,test,train,train
DTXSID5048635,0,test,train,train
DTXSID8025466,0,test,train,train
DTXSID0020153,0,test,train,train
DTXSID2025842,0,test,train,train
DTXSID7021366,0,test,train,train
DTXSID9025744,0,test,train,train
DTXSID7022833,0,test,train,test
DTXSID6047103,0,test,train,train
DTXSID2025896,0,test,train,train
DTXSID1026035,0,test,train,train
DTXSID0025361,0,test,test,train
DTXSID7049265,0,test,train,train
DTXSID3020548,0,test,train,test
DTXSID9025291,0,test,train,test
DTXSID3034614,0,test,train,train
DTXSID0022480,0,test,train,train
DTXSID9039238,0,test,train,train
DTXSID9047883,0,test,train,train
DTXSID7048875,0,test,test,train
DTXSID9044746,0,test,train,train
DTXSID8044599,0,test,train,train
DTXSID9026766,0,test,test,train
DTXSID1046134,0,test,train,test
DTXSID8026309,0,test,train,train
DTXSID6025850,0,test,train,train
DTXSID4049240,0,test,train,train
DTXSID1045293,0,test,train,train
DTXSID7034676,0,test,test,test
DTXSID3026148,0,test,train,train
DTXSID5045889,1,test,train,train
DTXSID7045942,0,test,train,train
DTXSID5023110,0,test,test,train
DTXSID4057718,0,test,test,train
DTXSID7022332,0,test,train,train
DTXSID4021216,0,test,train,train
DTXSID2057736,0,test,test,train
DTXSID7051557,0,test,test,train
DTXSID3020752,0,test,train,train
DTXSID7022253,0,test,test,train
DTXSID8031863,1,test,train,train
DTXSID0057752,0,test,train,train
DTXSID4020379,0,test,train,train
DTXSID7045601,0,test,train,train
DTXSID1020855,0,test,train,train
DTXSID9047629,0,test,train,train
DTXSID8045850,0,test,train,train
DTXSID2025474,1,test,train,train
DTXSID3027530,0,test,train,train
DTXSID8057770,0,test,train,test
DTXSID8022589,0,test,train,train
DTXSID5027433,0,test,train,test
DTXSID9048510,0,test,test,train
DTXSID3041663,0,test,test,test
DTXSID9046499,0,test,train,train
DTXSID6046557,1,test,test,train
DTXSID6057827,0,test,test,train
DTXSID9045005,0,test,test,train
DTXSID0048844,0,test,train,train
DTXSID5040679,0,test,train,test
DTXSID8027795,0,test,train,train
DTXSID2045941,0,test,train,test
DTXSID6021581,0,test,train,train
DTXSID6032437,0,test,test,train
DTXSID3022748,0,test,train,train
DTXSID7046093,0,test,train,test
DTXSID2049424,0,test,train,train
DTXSID8029159,0,test,test,train
DTXSID8024284,0,test,train,train
DTXSID5022984,0,test,train,test
DTXSID6020771,0,test,train,train
DTXSID8045640,0,test,train,train
DTXSID8027589,0,test,train,train
DTXSID2048870,0,test,test,train
DTXSID4024642,0,test,train,train
DTXSID5021885,0,test,train,train
DTXSID6045668,0,test,train,train
DTXSID8045567,0,test,train,train
DTXSID9025035,1,test,train,test
DTXSID7029299,0,test,train,train
DTXSID3024815,0,test,train,train
DTXSID9020877,0,test,train,train
DTXSID9046942,0,test,test,train
DTXSID1049431,0,test,train,train
DTXSID5021835,0,test,train,train
DTXSID2024791,0,test,train,train
DTXSID8042559,0,test,train,train
DTXSID1025512,0,test,train,train
DTXSID9048774,0,test,train,train
DTXSID5025570,0,test,train,train
DTXSID2022048,0,test,train,train
DTXSID4042096,0,test,train,train
DTXSID5048891,0,test,train,test
DTXSID8044626,0,test,test,test
DTXSID7025558,0,test,train,test
DTXSID2025050,0,test,train,train
DTXSID1027269,0,test,train,train
DTXSID9037248,0,test,train,train
DTXSID8047553,1,test,test,train
DTXSID8027294,0,test,train,train
DTXSID4044876,0,test,train,train
DTXSID3020750,0,test,train,train
DTXSID4048773,0,test,test,test
DTXSID1021956,0,test,train,train
DTXSID7057658,1,test,test,train
DTXSID5047031,0,test,train,train
DTXSID4024143,0,test,test,train
DTXSID9020796,0,test,train,train
DTXSID7044970,0,test,train,train
DTXSID6048884,0,test,train,train
DTXSID5027300,0,test,train,test
DTXSID8045642,0,test,train,train
DTXSID8045933,0,test,train,train
DTXSID3029154,0,test,test,train
DTXSID4048858,0,test,train,train
DTXSID6025692,0,test,train,train
DTXSID4032667,0,test,train,train
DTXSID6021086,0,test,train,train
DTXSID0057706,0,test,train,train
DTXSID9044538,0,test,train,test
DTXSID3022617,0,test,test,train
DTXSID5046803,0,test,train,train
DTXSID5045201,0,test,train,test
DTXSID8021195,0,test,test,train
DTXSID3045435,0,test,test,train
DTXSID6024204,0,test,train,train
DTXSID0043896,0,test,test,train
DTXSID1047605,0,test,test,train
DTXSID7021239,1,test,train,train
DTXSID8045989,0,test,train,train
DTXSID9033923,0,test,train,train
DTXSID8040278,0,test,train,train
DTXSID2049214,0,test,train,train
DTXSID3057854,0,test,train,train
DTXSID4022579,0,test,train,train
DTXSID6047656,0,test,train,train
DTXSID2046389,0,test,train,train
DTXSID8045987,0,test,train,train
